813286	10842
14886813	9243
13348	8727
6806472	7427
15147376	7219
10316422	6736
12750862	6715
10733192	6708
13908992	6460
14248461	6335
14776551	6324
14206126	6277
803324	6142
14819541	5793
8453452	5516
79283	5501
14974273	5478
14180136	5476
6466022	5454
14287820	5428
14984654	5362
17194296	5354
10824762	5158
9720292	5045
14563260	4980
14140707	4820
14211802	4552
10487982	4546
10225952	4389
12925072	4342
7040932	4260
14292469	4070
2898661	4007
14166387	3980
3043001	3949
1976611	3929
2396591	3786
14649354	3765
12681842	3721
14411423	3702
11340982	3702
15794195	3603
756278	3512
14777840	3481
13396762	3449
14897007	3423
14527357	3421
1328941	3362
7781002	3361
12469782	3308
15439395	3305
10202	3291
14118444	3290
14269516	3167
14805828	3138
678953	3118
1143031	3058
9255062	3020
14055920	3007
734493	2975
746323	2945
6633982	2918
12946702	2824
12662472	2787
14423603	2771
14227633	2757
14302268	2756
14075928	2702
804204	2696
1370661	2649
7513452	2628
11864772	2605
14762756	2589
618593	2587
14221051	2577
13726052	2576
15264105	2519
15036050	2511
14937887	2501
5840792	2468
14469645	2442
14983850	2436
5528562	2396
13793152	2374
9733422	2348
4448101	2336
8508242	2295
11591322	2292
616113	2278
14889378	2255
7552222	2235
11316592	2207
14936183	2194
6123762	2144
14450143	2134
11737782	2102
11139102	2102
14220413	2093
785032	2051
10419	2037
8039442	2019
14381339	2013
874	2007
5490392	2005
14607466	1999
14687076	1989
79543	1967
12534022	1948
14260325	1945
8255522	1940
1690621	1938
15914520	1928
6740662	1923
7163912	1918
2098401	1884
14675522	1879
15346359	1874
14589771	1870
15227482	1857
14673584	1851
15289001	1847
784304	1844
15438161	1841
14222363	1802
16559157	1797
30973	1793
14911154	1783
14795695	1777
5167141	1776
14288759	1772
13837292	1759
12667242	1758
14287223	1754
20331733	1753
14089842	1752
14224719	1749
7799412	1748
6450372	1745
14803701	1744
42957500	1743
14090829	1730
14047249	1720
13510782	1719
991221	1718
14414564	1718
15131310	1713
10452452	1710
3533231	1709
5845532	1705
17663756	1696
15576626	1683
14652320	1679
14588501	1665
15959560	1655
13229	1653
15804405	1649
14175623	1647
14736324	1641
14407617	1641
9598762	1633
19406070	1630
1239741	1630
14521445	1627
14816018	1626
14070811	1618
9120732	1616
6499	1608
763873	1600
15383647	1591
3602591	1589
17093617	1573
767396	1568
36634562	1553
9870612	1538
14153378	1535
14981139	1534
15173007	1527
14207153	1521
7174582	1519
5418072	1510
14593177	1508
16027455	1506
14836890	1504
15956607	1499
15085488	1492
14138538	1492
14192941	1490
13878162	1484
15497928	1481
12522	1478
7152562	1477
14062005	1477
11932792	1470
14977999	1466
14317036	1456
15458708	1450
15322316	1448
14409089	1439
7879442	1434
15743570	1434
15991049	1432
14332629	1408
6273552	1405
10281192	1403
774675	1402
14390132	1402
10815782	1402
14713822	1401
15416870	1399
2737751	1397
15845499	1397
36642766	1396
15201575	1393
14167787	1391
12015502	1390
7080712	1388
15859039	1378
8071902	1376
5891242	1373
10473402	1371
14886375	1368
7558972	1366
717313	1365
4539211	1361
38006837	1342
14250972	1341
15582770	1336
6223192	1328
15021099	1327
15179150	1321
56623	1315
5823692	1311
8820652	1308
7879892	1303
743763	1303
15192712	1302
5891052	1298
6449282	1294
12044602	1294
14328574	1293
10173822	1292
16899075	1285
14389132	1284
15114739	1282
14850557	1282
13877452	1271
8596022	1263
7276212	1263
5380672	1255
5417132	1250
14051749	1250
4200861	1248
36637845	1246
16819278	1236
6634482	1232
15582860	1232
13976432	1230
6651562	1229
6114312	1228
10997	1225
9764082	1221
7224002	1221
15585201	1221
13802152	1221
5656402	1220
2148071	1219
14424415	1218
15947185	1208
14669398	1203
14396033	1203
15094584	1200
5741722	1198
1418	1196
898491	1192
15035340	1190
2477051	1189
12921142	1189
14648069	1185
15468368	1184
12672352	1182
700993	1177
14145331	1177
17242874	1175
14594723	1171
14224687	1171
9861982	1169
9453872	1168
804455	1167
2525131	1167
14513239	1166
15394671	1162
14052380	1162
14273856	1156
10546442	1155
818340	1152
3561421	1150
1530371	1149
1760211	1147
12892292	1147
11191762	1143
1621271	1137
18363508	1136
16539573	1135
15625549	1135
14743539	1128
15302541	1126
14964767	1124
5768872	1123
5644892	1123
6767112	1122
14376012	1122
3767541	1121
14649985	1120
5997662	1116
12611642	1116
7865152	1109
14660636	1105
20899175	1100
45755952	1099
15024280	1098
14549299	1097
14098246	1096
1035491	1094
11444692	1092
3083881	1091
9740812	1081
890121	1081
7690862	1079
15061037	1079
1424001	1075
14501829	1073
8552182	1070
14075994	1070
6084832	1064
6149912	1063
36186668	1062
12305	1060
1052861	1060
9844632	1059
10396	1059
40971936	1054
1221471	1054
26743	1051
8519682	1048
631583	1045
15501578	1044
14816280	1042
14522418	1042
617053	1039
9767172	1038
14223829	1037
15178527	1034
10656802	1033
14986311	1029
147093	1029
6255852	1023
12478292	1023
5574862	1014
15107368	1014
14145157	1014
20485057	1012
36633481	1011
14523801	1008
5499182	1006
13117172	1004
19349216	1002
5796972	1001
16096448	1001
755452	999
5882252	997
1315431	997
14689610	996
18096662	993
14675374	993
15510414	991
11805432	986
16150075	984
15201017	984
14621598	984
14649039	980
15600217	979
4593691	977
74673	976
14104847	976
14018532	975
14393477	973
14468487	970
7516722	966
15045399	965
1407251	963
14463104	962
7490342	960
14839406	960
14211100	958
9292132	957
15334040	955
36631590	950
14068579	950
14180764	949
15306489	947
5531452	946
14711859	944
14386148	943
8271852	942
15775985	942
12360162	942
14969224	940
9291992	939
14278367	939
12454882	939
511283	936
28338350	936
14619943	936
14280026	936
14343596	935
8106142	933
776976	933
13304912	933
5594932	932
14107661	932
1020961	932
15438784	931
13200092	927
14932135	926
14216079	926
9965842	925
8741782	925
17850012	925
14415928	924
11745302	924
15117375	923
14657171	923
14676814	922
12093512	922
7161172	920
620863	919
12820422	919
10380732	918
40869201	915
14502322	915
11900	915
15641893	914
15105269	913
1502111	913
5210841	912
7671872	910
13330522	910
15832935	908
14295486	908
4513781	907
14367500	907
13573132	906
14323497	904
5462572	900
1372651	900
16429977	899
16061242	899
12424512	898
14200687	890
712423	889
15179986	889
14886943	889
10037912	889
7480172	887
5392522	887
1593581	885
15158307	885
14424047	881
7334122	880
15187078	879
15908783	876
14094296	876
7669762	875
12350542	875
14946815	874
7234682	873
15613175	873
13625052	872
16569530	867
2541771	862
18791763	860
12814822	860
12486432	860
9374422	859
10967052	859
15352422	858
1283361	858
1042541	858
14775475	857
7879852	854
1186	854
5801552	852
14484456	852
13158422	852
10791122	850
14999286	849
7609922	848
2373871	846
14228300	846
14206015	845
