0.044004
0.043556
0.046126
0.042878
0.043455
0.043337
0.043341
0.044078
0.045194
0.042913
0.044019
0.043955
0.043190
0.043760
0.042838
0.043557
0.043538
0.044849
0.043431
0.046346
0.043140
0.043816
0.044804
0.044011
0.044620
0.042945
0.045016
0.043313
0.043341
0.043854
0.043932
0.043957
0.044800
0.043280
0.043859
0.042939
0.043593
0.044455
0.043734
0.043333
0.043947
0.043055
0.046986
0.043179
0.043089
0.042943
0.042976
0.043576
0.043097
0.043895
0.043184
0.042970
0.044045
0.043446
0.043081
0.044156
0.043801
0.043764
0.043265
0.043350
0.043793
0.043260
0.043464
0.043618
0.042638
0.043535
0.043683
0.044218
0.043254
0.043506
0.043137
0.043646
0.043632
0.043193
0.043678
0.043227
0.044205
0.045554
0.043175
0.043498
0.043634
0.043884
0.044333
0.044210
0.042626
0.043617
0.042725
0.042881
0.043010
0.043143
0.043667
0.043048
0.046091
0.043016
0.043542
0.043899
0.043264
0.043997
0.043052
0.043132
