1.590516
1.638784
1.624143
1.644432
1.612646
1.639234
1.667740
1.622761
1.657065
1.627700
1.595535
1.686046
1.611597
1.618749
1.637425
1.623637
1.605767
1.616150
1.611204
1.602632
1.662859
1.668245
1.674698
1.608357
1.654166
1.669299
1.586169
1.612142
1.589653
1.593489
1.644938
1.662482
1.579540
1.631505
1.665888
1.597839
1.637411
1.672662
1.616840
1.684125
1.630928
1.608057
2.206998
1.827235
1.608986
1.695950
1.714683
1.585015
1.655300
1.620359
1.609801
1.634584
1.617071
1.577273
1.640227
1.631794
1.586674
1.638772
1.624069
1.604570
1.652413
1.631118
1.717117
1.645542
1.633725
1.611646
1.632796
1.626312
1.629221
1.619968
1.627236
1.781156
1.598995
1.641864
1.649173
1.589453
1.639120
1.651830
1.599274
1.711746
1.639759
1.611276
1.593924
1.637518
1.646892
1.612507
1.665334
1.639501
1.607381
1.638270
1.645141
1.579951
1.676035
1.696109
1.584878
1.664047
1.614746
1.926255
2.205669
1.755035
