1.835910
1.785250
1.827030
1.762501
1.765178
1.738805
1.764417
1.778486
1.796370
1.762149
1.768699
1.847529
1.845751
1.715790
1.743966
1.763936
1.854220
1.765353
1.724358
1.729860
1.762905
1.728920
1.797846
1.749258
1.782709
1.796208
1.728456
1.730318
1.749708
1.745176
1.766611
1.795907
1.695141
1.743465
1.891370
1.758335
1.768365
1.801836
1.804142
1.829415
1.779227
1.738027
1.718530
1.787693
1.772161
1.807699
1.749792
1.709260
1.786945
1.722468
1.806840
1.811486
1.722429
1.805752
1.741216
1.759911
1.799452
1.714176
1.742228
1.741115
1.766469
1.776609
1.834749
1.715863
1.791076
1.748295
1.952760
1.735262
1.708218
1.760991
1.759777
1.845840
1.768640
1.738567
1.755910
1.780116
1.744826
1.797612
1.710361
1.775984
1.795782
1.780647
1.776242
1.755097
1.759828
1.847767
1.811782
1.771848
1.754662
1.762972
1.788826
1.777763
1.824132
2.045568
1.789598
1.791392
1.787784
1.786467
1.835587
1.773803
