0.419372
0.412169
0.413309
0.413324
0.417415
0.412939
0.412715
0.413111
0.413358
0.413743
0.413415
0.413418
0.414105
0.413908
0.417065
0.414669
0.413380
0.414148
0.413824
0.416465
0.418137
0.413954
0.414478
0.415705
0.415086
0.414513
0.417189
0.416501
0.411433
0.416569
0.415054
0.417371
0.415228
0.413310
0.416669
0.416711
0.413335
0.412937
0.413820
0.414282
0.418033
0.414877
0.416227
0.415108
0.416153
0.414137
0.415123
0.412280
0.412459
0.414921
0.413203
0.415527
0.413827
0.416107
0.414523
0.414099
0.413387
0.417119
0.414312
0.415109
0.412149
0.412955
0.412425
0.411645
0.416224
0.411913
0.416753
0.412917
0.415032
0.413142
0.413214
0.413947
0.413844
0.415590
0.415765
0.415478
0.414477
0.413691
0.415421
0.414309
0.412848
0.415062
0.411859
0.413615
0.413888
0.416061
0.415150
0.414662
0.414532
0.417672
0.412833
0.413152
0.416377
0.414524
0.415255
0.412599
0.414277
0.414690
0.415208
0.413640
