0.170404
0.168146
0.206386
0.180068
0.153167
0.147529
0.172081
0.198839
0.153908
0.172089
0.153091
0.143915
0.170733
0.198905
0.156572
0.152004
0.147257
0.155806
0.152906
0.190544
0.173294
0.148149
0.155615
0.170351
0.175152
0.162931
0.163199
0.153219
0.155133
0.168753
0.190227
0.146479
0.171111
0.159931
0.154276
0.173402
0.190840
0.146619
0.171788
0.154896
0.156135
0.164155
0.190101
0.157284
0.151171
0.166635
0.150842
0.319232
0.163810
0.149475
0.148645
0.160449
0.150432
0.192243
0.179514
0.146357
0.153635
0.171561
0.153699
0.187444
0.164309
0.147115
0.153653
0.166918
0.200802
0.147566
0.163505
0.160401
0.154534
0.169827
0.204188
0.152244
0.155989
0.157804
0.161948
0.151332
0.185996
0.169717
0.152395
0.156505
0.166321
0.147129
0.201926
0.169612
0.153962
0.155894
0.164238
0.195006
0.158943
0.168428
0.159186
0.146604
0.172393
0.189206
0.162528
0.152547
0.152776
0.151432
0.151411
0.197748
