0.004885
0.004449
0.004614
0.004420
0.004529
0.004473
0.004319
0.004746
0.004535
0.004557
0.004913
0.004338
0.004545
0.004716
0.004344
0.004532
0.004341
0.004351
0.004379
0.004600
0.004373
0.004724
0.004428
0.004486
0.004596
0.004376
0.004432
0.004404
0.004367
0.004454
0.004561
0.004863
0.004811
0.004616
0.004625
0.004422
0.004574
0.004511
0.004489
0.004507
0.004343
0.004380
0.004852
0.004726
0.004472
0.004535
0.004534
0.004664
0.004350
0.004348
0.004346
0.004338
0.004451
0.004353
0.004356
0.004421
0.004431
0.004455
0.004447
0.004587
0.004338
0.004474
0.004723
0.004569
0.004538
0.004406
0.004614
0.004256
0.004340
0.004455
0.004333
0.004348
0.004388
0.004549
0.004537
0.004328
0.004426
0.004778
0.004622
0.004562
0.004944
0.004413
0.004225
0.004393
0.004438
0.004538
0.004347
0.004358
0.004386
0.004699
0.004418
0.004385
0.004635
0.004341
0.004756
0.004393
0.004647
0.004595
0.004972
0.004329
