0.002056
0.001504
0.001585
0.001553
0.001503
0.001480
0.001732
0.001696
0.001574
0.001568
0.001637
0.007349
0.001576
0.001521
0.001754
0.001542
0.001592
0.001950
0.001634
0.001609
0.001524
0.001533
0.001523
0.001601
0.001693
0.001777
0.014468
0.001722
0.001614
0.001655
0.001750
0.001779
0.008077
0.001521
0.001536
0.001768
0.001641
0.001669
0.001714
0.001538
0.001530
0.001563
0.001639
0.001508
0.001587
0.001487
0.001643
0.001561
0.001581
0.001608
0.001492
0.001541
0.001572
0.001428
0.001617
0.001564
0.006690
0.001610
0.001761
0.001500
0.001472
0.001777
0.001670
0.001790
0.001573
0.001643
0.002029
0.001534
0.001682
0.001501
0.001708
0.001619
0.001806
0.001700
0.001784
0.001636
0.001533
0.004383
0.001654
0.001616
0.001677
0.001865
0.001578
0.001705
0.001583
0.001461
0.001724
0.001983
0.001638
0.001602
0.001682
0.001556
0.001497
0.003548
0.001516
0.001677
0.001965
0.001530
0.001519
0.001632
0.001538
0.001539
0.001607
0.001744
0.001646
0.001537
0.001650
0.001741
0.017005
0.001855
0.001596
0.001578
0.009611
0.001685
0.001798
0.001655
0.001676
0.001632
0.001814
0.001784
0.001502
0.001576
0.001594
0.001582
0.001668
0.001701
0.001600
0.001541
0.001539
0.001573
0.001938
0.001687
0.001705
0.001519
0.001805
0.001536
0.001562
0.001514
0.001533
0.001768
0.001759
0.001648
0.001659
0.001733
0.001819
0.001614
0.001515
0.001651
0.001801
0.013648
0.001731
0.001525
0.001574
0.001604
0.001800
0.001598
0.001687
0.001805
0.001494
0.001633
0.001609
0.001572
0.001671
0.004301
0.001586
0.001704
0.001647
0.001537
0.002550
0.001674
0.001577
0.001766
0.001774
0.001468
0.001763
0.001747
0.002916
0.001674
0.001578
0.001738
0.001752
0.003900
0.007947
0.001738
0.001566
0.001723
0.001536
0.001477
0.001474
0.001665
0.002064
0.001566
0.001527
0.001796
0.001549
0.001521
0.001443
0.001786
0.002720
0.001992
0.001544
0.001624
0.001642
0.001519
0.001669
0.001573
0.001611
0.001559
0.001999
0.001618
0.001607
0.001987
0.001575
0.001560
0.001622
0.001580
0.001688
0.001704
0.004861
0.001544
0.001688
0.002008
0.001658
0.001782
0.001519
0.001448
0.001549
0.001672
0.001713
0.001766
0.001612
0.022189
0.001609
0.046535
0.001662
0.001721
0.001623
0.001470
0.001487
0.001497
0.001738
0.001502
0.001731
0.001606
0.001470
0.001789
0.001486
0.001444
0.001774
0.001465
0.001870
0.001608
0.001599
0.001718
0.001815
0.001681
0.001540
0.001496
0.001731
0.001464
0.001796
0.001545
0.001864
0.001732
0.001508
0.001533
0.001740
0.001551
0.001570
0.001555
0.001670
0.003185
0.001514
0.001566
0.001686
0.001492
0.001620
0.001645
0.001746
0.001571
0.001582
0.001521
0.001565
0.001700
0.001600
0.001660
0.001552
0.001506
0.001516
0.003916
0.001539
0.011067
0.001698
0.001688
0.001612
0.001650
0.001731
0.080320
0.004111
0.001564
0.001773
0.001743
0.001505
0.001516
0.001724
0.001600
0.039673
0.001595
0.001607
0.001526
0.001753
0.001790
0.001598
0.001708
0.001549
0.001976
0.001589
0.001598
0.001718
0.001818
0.001602
0.001906
0.001683
0.001640
0.001769
0.001515
0.001593
0.001511
0.001540
0.003271
0.001576
0.001770
0.001624
0.001531
0.001570
0.001507
0.001728
0.001766
0.001484
0.001522
0.001665
0.001687
0.001505
0.001698
0.001613
0.001624
0.001639
0.002022
0.001547
0.001484
0.002276
0.001459
0.001530
0.001864
0.001577
0.001608
0.001657
0.001644
0.001645
0.001796
0.001633
0.001500
0.001567
0.001528
0.001681
0.001487
0.001684
0.001587
0.001649
0.001869
0.001461
0.001640
0.001601
0.001865
0.001695
0.001508
0.001454
0.001790
0.001785
0.001766
0.001649
0.001668
0.001646
0.001887
0.001484
0.001609
0.001724
0.001584
0.001747
0.001591
0.001557
0.001878
0.001658
0.001595
0.001564
0.001852
0.001609
0.001560
0.001688
0.001525
0.001665
0.001516
0.001543
0.001782
0.001846
0.001666
0.001689
0.001668
0.001573
0.001617
0.001596
0.001580
0.001731
0.002721
0.001886
0.001588
0.001583
0.001566
0.001558
0.001971
0.001809
0.001540
0.001526
0.001536
0.001825
0.002545
0.006310
0.001640
0.001647
0.001634
0.001702
0.001499
0.001807
0.001603
0.001655
0.001732
0.001558
0.001540
0.001539
0.001677
0.001595
0.001633
0.001633
0.001738
0.001621
0.001546
0.001668
0.001801
0.001886
0.001667
0.001716
0.001601
0.001495
0.001491
0.003729
0.001611
0.001587
0.001624
0.001562
0.001537
0.001571
0.001541
0.003768
0.001508
0.001622
0.001534
0.001580
0.001608
0.001674
0.001566
0.001648
0.001727
0.001638
0.001587
0.002166
0.001555
0.001641
0.001699
0.001535
0.001575
0.001663
0.001656
0.001493
0.001591
0.001483
0.001721
0.001834
0.001572
0.001605
0.001609
0.001734
0.011610
0.001667
0.001600
0.001774
0.001583
0.001547
0.001623
0.001575
0.001987
0.001566
0.001563
0.001541
0.001766
0.002236
0.001807
0.001536
0.001577
0.001547
0.001610
0.001646
0.001552
0.001972
0.001498
0.001568
0.001595
0.001774
0.001461
0.002263
0.001633
0.001607
0.001642
0.017474
0.013849
0.001614
0.001608
0.001456
0.001557
0.001769
0.001650
0.001463
0.001510
0.001596
0.001507
0.001574
0.001702
0.001626
0.001581
0.002036
0.001719
0.001639
0.001584
0.001615
0.001713
0.001447
0.001510
0.001542
0.003552
0.001690
0.006253
0.001470
0.001749
0.001883
0.001782
0.001591
0.001825
0.001686
0.002086
0.001513
0.001634
0.001544
0.001549
0.001568
0.001635
0.001600
0.001639
0.001489
0.001498
0.001571
0.001574
0.001616
0.001661
0.001806
0.001639
0.001613
0.001788
0.001503
0.001616
0.001616
0.002056
0.001654
0.001565
0.001613
0.001737
0.001830
0.001709
0.001704
0.001699
0.013369
0.001661
0.001725
0.001656
0.001646
0.001611
0.001543
0.001570
0.001709
0.001500
0.001695
0.001680
0.001491
0.001594
0.001720
0.001601
0.001557
0.001562
0.001561
0.001492
0.001464
0.001651
0.001502
0.001621
0.001536
0.005528
0.001535
0.001560
0.001707
0.001576
0.045004
0.001754
0.001875
0.001997
0.001858
0.001837
0.001565
0.001756
0.001593
0.001718
0.001802
0.001545
0.001701
0.001746
0.001562
0.001867
0.001576
0.001545
0.001655
0.001572
0.001562
0.001696
0.001549
0.001610
0.001567
0.001650
0.001862
0.001524
0.001489
0.001681
0.001549
0.001460
0.001525
0.001626
0.001757
0.001534
0.001497
0.001500
0.001538
0.001497
0.001506
0.001527
0.001568
0.001541
0.001627
0.001622
0.001443
0.001736
0.001817
0.001594
0.001616
0.001770
0.001596
0.001658
0.001769
0.001564
0.001503
0.001615
0.001643
0.004549
0.001612
0.001637
0.001494
0.001477
0.001783
0.001729
0.001605
0.001948
0.001639
0.001713
0.001714
0.001525
0.001848
0.001620
0.002272
0.001729
0.001528
0.001598
0.001536
0.001740
0.001771
0.001720
0.001715
0.001537
0.001524
0.001580
0.001552
0.001747
0.001770
0.001573
0.001621
0.001723
0.001733
0.001672
0.001750
0.001586
0.001745
0.001632
0.001503
0.001952
0.001615
0.001599
0.001998
0.001817
0.001533
0.001512
0.001514
0.001497
0.001749
0.001509
0.001494
0.001599
0.001621
0.001827
0.001647
0.001625
0.001651
0.001576
0.002064
0.001651
0.001655
0.001640
0.001475
0.001671
0.001570
0.009105
0.001673
0.001656
0.001536
0.001523
0.001772
0.001537
0.001730
0.001767
0.001486
0.001496
0.001678
0.001636
0.001539
0.001592
0.001645
0.001676
0.001513
0.001495
0.002017
0.001618
0.002045
0.001630
0.001716
0.001633
0.001948
0.001557
0.001492
0.001599
0.001600
0.001932
0.001613
0.001747
0.001740
0.001635
0.001885
0.001745
0.001579
0.001677
0.001593
0.001636
0.001544
0.001593
0.001702
0.001562
0.001886
0.001678
0.001490
0.001533
0.001584
0.001620
0.001709
0.001729
0.001838
0.001608
0.001672
0.003999
0.001749
0.001638
0.001600
0.001754
0.001587
0.001815
0.001544
0.001755
0.001686
0.001773
0.001582
0.001750
0.001616
0.001791
0.001669
0.001544
0.001637
0.001584
0.001600
0.001548
0.001654
0.001585
0.001554
0.001989
0.001543
0.001571
0.001815
0.001552
0.001541
0.001799
0.001507
0.001955
0.001510
0.002029
0.001572
0.001540
0.001551
0.001617
0.001789
0.001551
0.001613
0.001704
0.001642
0.001737
0.001637
0.001609
0.001626
0.001753
0.001536
0.001670
0.001679
0.001636
0.001634
0.001985
0.001583
0.001734
0.001596
0.001515
0.001457
0.001814
0.001618
0.001767
0.001687
0.001737
0.001621
0.001684
0.001854
0.001629
0.001707
0.001567
0.001632
0.001597
0.001600
0.001570
0.001735
0.001567
0.001744
0.001586
0.001629
0.001497
0.001858
0.001533
0.001634
0.007169
0.001594
0.001625
0.001571
0.039212
0.001595
0.001647
0.001619
0.001702
0.001981
0.001588
0.001710
0.001788
0.001568
0.001674
0.001611
0.001558
0.001700
0.001934
0.001623
0.001698
0.001824
0.001754
0.001707
0.001554
0.001677
0.001800
0.001648
0.001553
0.001519
0.001509
0.001693
0.001664
0.001618
0.001678
0.001562
0.001699
0.001564
0.001967
0.001691
0.001597
0.001509
0.001569
0.001673
0.001661
0.010767
0.001613
0.001771
0.001672
0.001730
0.001617
0.001960
0.001789
0.001501
0.001580
0.001609
0.001533
0.001637
0.001609
0.002519
0.001600
0.012127
0.003694
0.001513
0.001495
0.001606
0.001600
0.001580
0.001526
0.001465
0.001483
0.001665
0.001452
0.001988
0.001689
0.002040
0.001698
0.001637
0.001778
0.001553
0.001684
0.001511
0.001608
0.002636
0.033346
0.001684
0.001530
0.001896
0.001712
0.001663
0.001688
0.001462
0.018020
0.001558
0.001642
0.001830
0.001567
0.001640
0.001689
0.001705
0.001913
0.001755
0.001575
0.001646
0.002216
0.001486
0.018841
0.001652
0.001548
0.001603
0.001739
0.001565
0.001675
0.001540
0.001565
0.001532
0.001643
0.001586
0.001539
0.001701
0.001656
0.001511
0.001597
0.001435
0.001596
0.001720
0.001672
0.001613
0.001899
0.001609
0.001562
0.001599
0.001592
0.001528
0.001530
0.001480
0.001608
0.001606
0.001556
0.001617
0.001684
0.001554
0.001669
0.001566
0.001773
0.001569
0.001604
0.001551
0.001559
0.001669
0.001700
0.001614
0.001513
0.002678
0.001783
0.001642
0.001481
0.001565
0.002237
0.001496
0.001478
0.001696
0.001553
0.002083
0.001558
0.001824
0.001918
0.001731
0.001743
0.001580
0.001549
0.001527
0.001811
0.001433
0.001608
0.001704
0.001650
0.001566
0.001534
0.001732
0.001519
0.001527
0.001779
0.001772
0.011254
0.001536
0.001645
0.001639
0.001634
0.001697
0.001684
0.001619
0.001588
0.001720
0.001654
0.001824
0.001549
0.001676
0.001620
0.006530
0.001560
0.001824
0.001464
0.001611
0.001609
0.001473
0.001821
0.001515
0.001507
0.001768
0.001654
0.001599
0.001695
0.001739
0.001537
0.001669
0.001643
0.001670
0.002091
0.001604
0.001672
0.001549
0.001705
0.001700
0.001540
0.001523
0.001512
0.001675
0.001667
0.020784
0.001766
0.001444
0.001592
0.001609
0.001618
0.001722
0.001532
0.001611
0.001803
0.001619
0.001748
0.001623
0.001705
0.001511
0.001640
0.001565
0.001672
0.001649
0.001817
0.001665
0.001709
0.001674
0.001619
0.001626
0.001610
0.001585
0.001706
0.002142
0.001932
0.001820
0.001509
0.001683
0.001566
0.001588
0.001635
0.001674
0.001551
0.001543
0.003640
0.001487
0.001568
0.001668
0.001722
0.001690
0.001634
0.001534
0.001951
0.001523
0.001550
0.001825
0.001611
0.001754
0.001642
0.001419
0.001599
0.001621
0.002860
0.001651
0.001575
0.001628
0.001507
0.001577
0.001556
0.001625
0.001742
0.001635
0.001545
0.001591
0.001656
0.001578
0.001486
0.001545
0.001578
0.001792
0.001671
0.001626
0.001978
0.002628
0.001567
0.001626
0.001818
0.001546
0.001512
0.001659
0.001646
0.001925
0.001584
0.001709
0.001792
0.001714
0.001790
0.002054
0.001485
0.001626
0.001674
0.001575
0.001594
0.001791
0.001612
0.001515
0.001583
0.004767
0.001525
0.002833
0.001706
0.001516
0.001614
0.001631
0.001827
0.001489
0.001625
0.001773
0.001573
0.001512
0.002058
0.001589
0.001691
0.001805
0.001645
0.001592
0.001704
0.001571
0.056924
0.001490
0.001626
0.001547
0.001524
0.001692
0.001520
0.001510
0.001798
0.001716
0.001615
0.001708
0.001637
0.001920
0.001628
0.001645
0.001638
0.001737
0.001871
0.001527
0.001692
0.001725
0.001444
0.005285
0.001832
0.001657
0.001593
0.001702
0.001620
0.001522
0.001592
0.001550
0.001590
0.001607
0.001660
0.001658
0.001531
0.001556
0.001613
0.001501
0.001523
0.001589
0.001511
0.002511
0.001759
0.001562
0.001705
0.001579
0.001779
0.001510
0.001668
0.001639
0.001462
0.018453
0.001764
0.001792
0.001540
0.001500
0.001626
0.001527
0.001779
0.001588
0.001650
0.044786
0.001683
0.001709
0.001530
0.005745
0.001587
0.001541
0.001834
0.001490
0.001893
0.001601
0.001753
0.001679
0.001479
0.001566
0.001798
0.001552
0.001908
0.001701
0.001552
0.001744
0.001570
0.001965
0.001702
0.001567
0.001607
0.004763
0.003787
0.001775
0.001524
0.001696
0.001674
0.001545
0.001552
0.001526
0.001879
0.001686
0.001574
0.001680
0.001705
0.001575
0.001791
0.001533
0.001593
0.001705
0.001613
0.003266
0.001600
0.001867
0.001510
0.001592
0.001845
0.001620
0.001452
0.001546
0.001498
0.001565
0.001467
0.040014
0.001515
0.001469
0.001728
0.009248
0.001702
0.001496
0.001753
0.001656
0.001546
0.001804
0.001451
0.001567
0.001691
0.001576
0.001488
0.001585
0.001819
0.001734
0.001549
0.001504
0.001676
0.001510
0.001824
0.001646
0.002073
0.001549
0.001618
0.001703
0.001509
0.001651
0.001766
0.001536
0.001726
0.001774
0.001535
0.001674
0.001519
0.001572
0.001691
0.001660
0.001701
0.001586
0.014195
0.001455
0.001662
0.002803
0.003272
0.001773
0.001783
0.048767
0.002077
0.001584
0.001539
0.001570
0.001666
0.001575
0.001971
0.001646
0.001902
0.001729
0.001517
0.001666
0.016186
0.001748
0.002525
0.001669
0.001640
0.001662
0.001563
0.001543
0.001611
0.001526
0.001495
0.001677
0.001471
0.001690
0.001571
0.001623
0.001502
0.001731
0.001711
0.001606
0.001667
0.001525
0.001857
0.001489
0.001593
0.001580
0.001881
0.001506
0.001565
0.001570
0.001542
0.001639
0.001509
0.001606
0.001978
0.063010
0.001696
0.001658
0.001710
0.002203
0.001708
0.001586
0.001474
0.001535
0.001539
0.001746
0.001532
0.001563
0.001607
0.001649
0.001816
0.001593
0.001546
0.001723
0.004614
0.001616
0.001716
0.001889
0.001516
0.001578
0.001540
0.001942
0.001559
0.001607
0.001726
0.001557
0.001538
0.001732
0.001515
0.001580
0.001554
0.001502
0.001560
0.001749
0.001658
0.001666
0.002057
0.001777
0.001636
0.001481
0.001561
0.001585
0.001498
0.001550
0.001632
0.001670
0.001709
0.001654
0.001770
0.001497
0.001670
0.001552
0.001660
0.001610
0.001565
0.001847
0.001535
0.001592
0.001562
0.001516
0.001462
0.001622
0.001737
0.001524
0.001588
0.001536
0.001698
0.001573
0.001624
0.001572
0.001799
0.001659
0.001700
0.001658
0.001607
0.001570
0.001510
0.001717
0.001655
0.001532
0.001659
0.001960
0.001536
0.001550
0.001533
0.001513
0.001591
0.001549
0.001660
0.001712
0.001575
0.001502
0.001516
0.001784
0.001814
0.001607
0.001655
0.001711
0.001484
0.001929
0.001489
0.001538
0.001696
0.001570
0.001708
0.001568
0.001497
0.001542
0.001717
0.001746
0.001696
0.001597
0.001739
0.001535
0.001702
0.001581
0.001642
0.001641
0.001714
0.001538
0.001514
0.001609
0.001738
0.001787
0.001578
0.001610
0.001573
0.028520
0.001847
0.001554
0.002234
0.001610
0.001592
0.001531
0.001693
0.001574
0.001699
0.001592
0.001631
0.001585
0.001518
0.001674
0.001597
0.001529
0.001638
0.001524
0.001915
0.001589
0.001644
0.001760
0.001530
0.001828
0.001538
0.001594
0.001689
0.001827
0.001655
0.001774
0.001560
0.001555
0.001664
0.001644
0.001971
0.001500
0.001738
0.001797
0.001488
0.002045
0.001841
0.001686
0.001676
0.001739
0.006322
0.001431
0.001653
0.001615
0.001652
0.001637
0.001493
0.001629
0.001519
0.001599
0.001613
0.001752
0.001543
0.001666
0.001564
0.001534
0.001586
0.001522
0.001581
0.001684
0.001723
0.028350
0.001645
0.001627
0.001676
0.001684
0.001721
0.001972
0.001649
0.001755
0.001527
0.001998
0.001710
0.002103
0.001699
0.031755
0.001506
0.001704
0.001514
0.001549
0.001662
0.001780
0.001653
0.001597
0.001728
0.001529
0.001849
0.001634
0.001697
0.001775
0.001597
0.002104
0.001688
0.010674
0.001615
0.001476
0.001672
0.001638
0.001623
0.013932
0.001577
0.001619
0.001730
0.001609
0.001546
0.001831
0.016220
0.001640
0.001702
0.001554
0.001710
0.001662
0.001489
0.001896
0.001631
0.001761
0.001663
0.002379
0.001933
0.001601
0.001655
0.001533
0.001651
0.001695
0.001661
0.001649
0.001731
0.001562
0.001723
0.001619
0.001586
0.006000
0.001720
0.001829
0.001651
0.001575
0.001727
0.001601
0.001734
0.001529
0.001761
0.001522
0.001623
0.001556
0.001561
0.001675
0.001542
0.001826
0.001518
0.001658
0.001630
0.001619
0.001724
0.001525
0.001822
0.001552
0.001554
0.001522
0.001646
0.001454
0.001584
0.001685
0.001660
0.003121
0.001521
0.001507
0.001764
0.001449
0.001549
0.001789
0.001951
0.001568
0.001570
0.001632
0.001884
0.001775
0.001702
0.001624
0.001593
0.001665
0.001708
0.001623
0.001555
0.001524
0.001812
0.001630
0.001525
0.017846
0.001566
0.001514
0.001758
0.001508
0.001485
0.001670
0.001526
0.001674
0.001495
0.001749
0.001738
0.001591
0.001530
0.008925
0.001528
0.001702
0.001526
0.001992
0.001730
0.001552
0.001665
0.001640
0.005485
0.001541
0.001606
0.001476
0.001770
0.001609
0.001801
0.001753
0.001486
0.001862
0.001771
0.001959
0.001548
0.001550
0.001640
0.001622
0.001509
0.001597
0.001643
0.001740
0.001510
0.001749
0.001697
0.001529
0.001752
0.001631
0.001885
0.018163
0.001744
0.001567
0.001635
0.001751
0.001660
0.001613
0.001675
0.001498
0.002010
0.001548
0.001627
0.001703
0.001664
0.002103
0.002637
0.001502
0.002011
0.005504
0.001565
0.001553
0.001735
0.001530
0.001681
0.001669
0.001637
0.001527
0.001778
0.001582
0.001581
0.001664
0.001598
0.001675
0.001505
0.001574
0.001554
0.001531
0.001496
0.001696
0.001524
0.001623
0.001689
0.001640
0.001740
0.001654
0.001555
0.001489
0.001618
0.001509
0.001638
0.002245
0.001516
0.001749
0.001541
0.001579
0.001627
0.001876
0.001584
0.001844
0.003882
0.013583
0.001523
0.009591
0.001615
0.010071
0.001615
0.001693
0.001531
0.026055
0.001510
0.009208
0.001544
0.050314
0.001787
0.001532
0.121497
0.001548
0.001526
0.001621
0.001772
0.001529
0.001582
0.001569
0.001532
0.001693
0.001755
0.001537
0.001612
0.001546
0.001529
0.001496
0.001846
0.001603
0.001630
0.001588
0.001575
0.001537
0.001588
0.039198
0.001746
0.001520
0.001503
0.001603
0.001672
0.001620
0.001991
0.001596
0.001555
0.001603
0.001692
0.001529
0.001711
0.001641
0.001575
0.001593
0.001687
0.001805
0.001659
0.001521
0.001617
0.014721
0.002364
0.001569
0.001869
0.001587
0.001555
0.001500
0.001640
0.005017
0.001513
0.001494
0.001551
0.002786
0.001490
0.001468
0.001509
0.001744
0.001479
0.001505
0.001507
0.001561
0.001569
0.001659
0.001540
0.001679
0.001604
0.001739
0.001734
0.001593
0.001575
0.001541
0.001543
0.001720
0.001637
0.001563
0.001532
0.001571
0.001868
0.001519
0.001562
0.001560
0.001561
0.001648
0.001886
0.001610
0.001534
0.001529
0.001580
0.001888
0.002072
0.001519
0.001573
0.001559
0.001553
0.001850
0.001651
0.001509
0.001862
0.001639
0.001461
0.001600
0.001525
0.002050
0.011915
0.001636
0.001833
0.001895
0.001647
0.001514
0.001744
0.001690
0.001454
0.001644
0.001507
0.001536
0.001632
0.001618
0.010902
0.001504
0.015817
0.001610
0.001583
0.001444
0.001851
0.001538
0.001444
0.001441
0.001705
0.001613
0.001562
0.002180
0.001499
0.001517
0.001579
0.001498
0.001466
0.001510
0.001519
0.001586
0.002209
0.015634
0.001578
0.001543
0.001525
0.001611
0.001602
0.001646
0.001623
0.001475
0.001452
0.003068
0.001501
0.001538
0.001593
0.001806
0.001528
0.001538
0.001578
0.001602
0.001511
0.001549
0.001695
0.001844
0.001622
0.001749
0.001806
0.001681
0.001557
0.001731
0.001532
0.001561
0.001508
0.001520
0.001550
0.001489
0.001860
0.001523
0.001543
0.001480
0.001465
0.001498
0.012872
0.001521
0.001531
0.001593
0.001496
0.001590
0.001522
0.001677
0.001456
0.001700
0.001538
0.001521
0.001676
0.001512
0.001860
0.001619
0.001640
0.001770
0.001603
0.001872
0.001498
0.001525
0.001461
0.001666
0.001573
0.001932
0.015137
0.001671
0.001802
0.001734
0.001548
0.001566
0.001540
0.001500
0.001682
0.001608
0.001582
0.001622
0.001508
0.001890
0.001552
0.001705
0.001665
0.001541
0.001540
0.004945
0.001736
0.001518
0.001489
0.005577
0.001653
0.001543
0.001678
0.001723
0.001560
0.001518
0.001546
0.001596
0.001672
0.001793
0.001507
0.001583
0.001535
0.001504
0.001960
0.001596
0.001559
0.001524
0.001593
0.001507
0.001769
0.001577
0.017870
0.001527
0.001510
0.001715
0.001601
0.001604
0.002008
0.001504
0.002075
0.001520
0.001563
0.027942
0.001559
0.001711
0.001538
0.001480
0.001529
0.001764
0.001802
0.001537
0.001540
0.001525
0.001778
0.001581
0.001528
0.001628
0.001604
0.001551
0.001731
0.001638
0.001742
0.001596
0.001680
0.001527
0.001505
0.001712
0.001560
0.001633
0.001464
0.001552
0.001602
0.001515
0.001617
0.001692
0.001512
0.001611
0.001512
0.001552
0.001472
0.001621
0.001603
0.001503
0.001512
0.001591
0.001541
0.001728
0.001892
0.001627
0.001586
0.001714
0.001596
0.001535
0.001511
0.001790
0.001699
0.002450
0.001611
0.001782
0.001572
0.001682
0.001561
0.001695
0.001551
0.001837
0.001551
0.001549
0.001596
0.001568
0.001570
0.001452
0.002034
0.001516
0.001550
0.014333
0.001560
0.001519
0.001667
0.001512
0.001772
0.001610
0.001681
0.001595
0.001595
0.001664
0.001824
0.001709
0.001623
0.002306
0.002049
0.001650
0.001475
0.001580
0.001505
0.001846
0.001605
0.001567
0.001549
0.001496
0.001488
0.001611
0.001601
0.001616
0.001737
0.001552
0.001571
0.001627
0.001473
0.001555
0.001733
0.001790
0.001572
0.001695
0.005785
0.003236
0.001688
0.001597
0.001719
0.001560
0.001635
0.001914
0.001944
0.001687
0.001756
0.001530
0.001499
0.001587
0.001876
0.001702
0.002276
0.001548
0.001792
0.001570
0.001670
0.002698
0.001542
0.001528
0.001886
0.001519
0.001514
0.001789
0.001552
0.001757
0.001552
0.001839
0.001665
0.004211
0.001751
0.001805
0.001541
0.001629
0.001683
0.001661
0.001574
0.001805
0.001434
0.001594
0.001773
0.001843
0.001611
0.001700
0.001568
0.001709
0.001538
0.001606
0.001649
0.001702
0.001624
0.002728
0.001627
0.001685
0.001524
0.001457
0.001549
0.001688
0.001655
0.001641
0.001618
0.001681
0.001624
0.001713
0.001840
0.001596
0.001979
0.001717
0.001690
0.001769
0.001782
0.001610
0.001873
0.001856
0.001685
0.001594
0.002529
0.001800
0.001565
0.001442
0.001589
0.002260
0.001908
0.001621
0.001507
0.001464
0.001672
0.001987
0.001650
0.001486
0.001490
0.001539
0.001710
0.001719
0.001587
0.006479
0.001677
0.001655
0.001523
0.001767
0.001523
0.001709
0.001600
0.001547
0.002011
0.001569
0.001606
0.001575
0.001641
0.001693
0.001502
0.001485
0.001581
0.001768
0.001560
0.001808
0.001591
0.001659
0.001791
0.001598
0.001849
0.001597
0.001732
0.001817
0.001624
0.001945
0.001559
0.001610
0.001670
0.001508
0.001744
0.001831
0.001626
0.001693
0.001866
0.001506
0.001630
0.001700
0.001662
0.001907
0.001577
0.001626
0.001711
0.071604
0.001776
0.001835
0.001597
0.001725
0.001615
0.001646
0.001576
0.001635
0.001661
0.001698
0.001607
0.001608
0.001647
0.001575
0.001727
0.001742
0.001510
0.001505
0.002013
0.001616
0.001542
0.001788
0.036716
0.001687
0.009033
0.003571
0.001601
0.012120
0.001496
0.010028
0.010165
0.009139
0.001697
0.001635
0.001531
0.026163
0.009256
0.008753
0.001591
0.001536
0.001676
0.007723
0.001670
0.001456
0.001528
0.001573
0.001480
0.001815
0.001549
0.001734
0.002062
0.001648
0.001489
0.001575
0.001606
0.001658
0.001765
0.001522
0.001729
0.001589
0.001871
0.014627
0.001568
0.001463
0.001521
0.001521
0.001641
0.001745
0.001703
0.001528
0.001716
0.001537
0.001530
0.001650
0.001608
0.001647
0.001688
0.001700
0.001640
0.001869
0.001581
0.001764
0.001690
0.001682
0.001573
0.001756
0.001488
0.001578
0.001546
0.001699
0.001623
0.001523
0.001681
0.001546
0.001678
0.001530
0.001562
0.001525
0.001615
0.001561
0.001525
0.001459
0.002529
0.001533
0.001654
0.001581
0.001583
0.001706
0.002719
0.001642
0.001747
0.002292
0.001427
0.001540
0.001766
0.001694
0.001581
0.001436
0.001588
0.001604
0.001838
0.001652
0.001463
0.001540
0.001502
0.001555
0.001716
0.001846
0.001451
0.001564
0.001506
0.001839
0.001543
0.001558
0.001734
0.001744
0.001839
0.001844
0.001610
0.001771
0.001639
0.001637
0.001762
0.001572
0.001713
0.005772
0.001883
0.002289
0.001584
0.009174
0.001584
0.001533
0.001617
0.001531
0.001706
0.001516
0.001513
0.001487
0.001673
0.001540
0.001604
0.001527
0.001568
0.001617
0.001672
0.001588
0.001502
0.001479
0.001491
0.001669
0.001562
0.001700
0.002939
0.001763
0.001580
0.034197
0.001581
0.001517
0.001523
0.001733
0.001615
0.001702
0.002832
0.001519
0.001528
0.001523
0.001512
0.001848
0.001877
0.005430
0.001497
0.001653
0.001676
0.001627
0.001673
0.001527
0.001567
0.001856
0.001647
0.001549
0.001447
0.001594
0.001824
0.052599
0.001533
0.001718
0.001688
0.001609
0.001545
0.001605
0.001551
0.001876
0.001534
0.001543
0.001878
0.001570
0.001452
0.002112
0.002077
0.001690
0.001520
0.001502
0.001854
0.005067
0.001427
0.001674
0.001606
0.001680
0.001527
0.001542
0.001638
0.001484
0.001564
0.001597
0.001431
0.001518
0.001623
0.001847
0.001705
0.001586
0.001627
0.001621
0.001724
0.001589
0.001559
0.001856
0.001707
0.001570
0.001641
0.001560
0.001573
0.001462
0.001515
0.001587
0.001523
0.001683
0.001850
0.001720
0.001510
0.001434
0.001522
0.001768
0.001519
0.001503
0.001648
0.001796
0.001521
0.001493
0.001639
0.001596
0.001548
0.001643
0.001546
0.001521
0.001544
0.001552
0.001502
0.001707
0.001668
0.001560
0.001557
0.001609
0.001615
0.001541
0.001973
0.001571
0.001623
0.002794
0.001641
0.001648
0.001589
0.001635
0.001510
0.001655
0.001438
0.001512
0.001548
0.001582
0.001547
0.001683
0.001511
0.001551
0.001677
0.001539
0.001554
0.001507
0.001852
0.001516
0.005203
0.001611
0.001495
0.001555
0.001455
0.001563
0.001624
0.001499
0.001422
0.044815
0.001551
0.001744
0.001543
0.001711
0.001480
0.001501
0.001499
0.001899
0.001578
0.001545
0.001684
0.001592
0.001665
0.001753
0.001492
0.001496
0.001648
0.001497
0.001648
0.001554
0.001486
0.001512
0.001543
0.001612
0.001486
0.001620
0.001496
0.001485
0.001613
0.001585
0.001523
0.001654
0.001611
0.001766
0.001596
0.001665
0.001569
0.004732
0.001605
0.001802
0.001545
0.001523
0.001613
0.001498
0.001658
0.001589
0.001445
0.001516
0.001594
0.001528
0.001744
0.001605
0.001589
0.001657
0.001496
0.012219
0.001513
0.001695
0.001518
0.001718
0.001547
0.001518
0.001722
0.001530
0.001540
0.001526
0.001656
0.001705
0.001456
0.001465
0.001650
0.001508
0.001621
0.001636
0.001640
0.001630
0.001588
0.001798
0.001481
0.001516
0.001991
0.001535
0.001861
0.001605
0.001613
0.001563
0.001518
0.001735
0.001677
0.001562
0.001587
0.001622
0.001721
0.001745
0.001729
0.001481
0.001654
0.001547
0.001529
0.001620
0.001588
0.001528
0.001507
0.001460
0.001578
0.001540
0.001611
0.001512
0.001512
0.001597
0.001554
0.001530
0.001585
0.001666
0.001639
0.001482
0.001512
0.001602
0.001496
0.001562
0.001550
0.001585
0.015240
0.001534
0.001697
0.001517
0.001688
0.001796
0.001490
0.001589
0.001649
0.001513
0.001513
0.001584
0.001520
0.001538
0.001523
0.001888
0.001787
0.001498
0.001500
0.002049
0.001514
0.003623
0.001616
0.001794
0.001652
0.001553
0.001507
0.001647
0.001590
0.001984
0.001657
0.001564
0.001593
0.001443
0.001543
0.001567
0.001519
0.001512
0.001801
0.001672
0.001546
0.001637
0.001940
0.001572
0.001627
0.001536
0.001620
0.005001
0.001621
0.001547
0.001668
0.001620
0.001640
0.001675
0.001613
0.001491
0.005339
0.001691
0.001581
0.001548
0.001477
0.001853
0.001646
0.001748
0.001667
0.001594
0.061420
0.001546
0.001474
0.001763
0.001523
0.001554
0.002352
0.001485
0.001576
0.001831
0.001613
0.001576
0.001591
0.001578
0.001478
0.001689
0.001662
0.001948
0.001516
0.001505
0.001460
0.001576
0.001662
0.001565
0.001738
0.001531
0.001532
0.001473
0.001503
0.001694
0.001502
0.001465
0.001560
0.001575
0.001715
0.001729
0.001548
0.001606
0.001846
0.001501
0.001614
0.001584
0.001562
0.001533
0.001779
0.001462
0.001525
0.001564
0.001570
0.001491
0.001539
0.001507
0.001532
0.001500
0.001763
0.002688
0.001572
0.001553
0.001536
0.001693
0.001541
0.002485
0.001446
0.001730
0.001538
0.001630
0.001544
0.001582
0.005067
0.001552
0.001534
0.001500
0.001544
0.001682
0.001754
0.001749
0.001668
0.001607
0.001499
0.001537
0.001497
0.001484
0.001720
0.001596
0.001487
0.001498
0.001607
0.001554
0.001690
0.001506
0.001559
0.001555
0.001725
0.001656
0.001557
0.001506
0.001491
0.001459
0.001677
0.001769
0.001693
0.001532
0.001519
0.010793
0.001578
0.001763
0.001605
0.001658
0.001481
0.001444
0.001463
0.001593
0.001854
0.001517
0.001503
0.001659
0.001552
0.001502
0.001853
0.001553
0.001520
0.001513
0.001797
0.001702
0.001705
0.001568
0.001616
0.001632
0.001714
0.001462
0.001542
0.001650
0.001512
0.001644
0.001565
0.001436
0.001522
0.001511
0.001524
0.001537
0.001698
0.001569
0.001554
0.001812
0.001525
0.001599
0.001528
0.001671
0.001751
0.001557
0.001618
0.037238
0.001651
0.004680
0.001641
0.001539
0.001545
0.001509
0.001854
0.001685
0.001609
0.001769
0.001565
0.001656
0.001663
0.001600
0.001603
0.001642
0.001537
0.001678
0.001674
0.001578
0.001572
0.001556
0.001510
0.001633
0.001695
0.001661
0.001517
0.001456
0.001687
0.001553
0.001483
0.001652
0.001661
0.001570
0.001735
0.001518
0.001623
0.001534
0.001519
0.001547
0.001544
0.015490
0.001507
0.001665
0.001559
0.039274
0.002979
0.001670
0.001887
0.001559
0.001545
0.001651
0.001563
0.001505
0.001787
0.001611
0.001505
0.001436
0.001574
0.001640
0.001764
0.001509
0.001670
0.001666
0.001574
0.001525
0.001483
0.001657
0.002605
0.001602
0.001588
0.001643
0.001527
0.001522
0.001542
0.001559
0.001634
0.003357
0.001566
0.001519
0.001522
0.001538
0.001471
0.001724
0.001668
0.001653
0.001623
0.001613
0.001655
0.001621
0.049481
0.001527
0.001800
0.001567
0.005278
0.001700
0.001588
0.001745
0.002420
0.001483
0.001610
0.001692
0.001572
0.001690
0.001551
0.002714
0.001465
0.001499
0.001473
0.001557
0.001562
0.001630
0.001478
0.001505
0.001566
0.001456
0.001566
0.001549
0.001499
0.001496
0.001505
0.001712
0.001585
0.001541
0.001673
0.001473
0.001520
0.001798
0.001687
0.001533
0.001629
0.001716
0.001592
0.001512
0.001531
0.001669
0.001440
0.001496
0.001710
0.001510
0.014331
0.001700
0.001480
0.001525
0.001726
0.001791
0.001526
0.001971
0.001505
0.001785
0.001563
0.001460
0.001499
0.001524
0.001555
0.001501
0.001785
0.001507
0.001844
0.001585
0.001582
0.001609
0.001520
0.001458
0.001542
0.001775
0.001831
0.001647
0.001478
0.001524
0.001700
0.001407
0.001572
0.001693
0.001517
0.001635
0.001643
0.001646
0.001538
0.001525
0.001463
0.001775
0.001615
0.001828
0.001508
0.001666
0.001671
0.001614
0.001531
0.001781
0.001509
0.016241
0.001565
0.001575
0.001732
0.001848
0.001506
0.001532
0.001593
0.001480
0.001512
0.001525
0.001578
0.014974
0.001524
0.001572
0.001743
0.001551
0.001659
0.001557
0.001537
0.001878
0.001602
0.001530
0.001521
0.001623
0.001604
0.001867
0.001625
0.001549
0.001749
0.001700
0.001886
0.001582
0.001468
0.005405
0.001489
0.001951
0.001711
0.001510
0.001546
0.001559
0.001525
0.001591
0.001471
0.001565
0.001501
0.001532
0.001632
0.001577
0.001528
0.001610
0.001539
0.001772
0.001514
0.001537
0.001667
0.001572
0.001707
0.001464
0.001550
0.001446
0.001553
0.001518
0.001941
0.001471
0.001572
0.005764
0.001664
0.003157
0.001676
0.001524
0.001519
0.001538
0.001535
0.001538
0.001431
0.001581
0.001634
0.001576
0.001751
0.001573
0.001515
0.001550
0.001585
0.001572
0.001739
0.001727
0.001679
0.001621
0.001420
0.001635
0.001655
0.001533
0.002545
0.001493
0.001538
0.001586
0.001801
0.001534
0.001514
0.001598
0.001558
0.001586
0.001441
0.001530
0.001551
0.001700
0.001513
0.001501
0.001629
0.001607
0.001465
0.001516
0.001529
0.001438
0.001890
0.001573
0.001568
0.001434
0.001574
0.001776
0.001603
0.001721
0.002740
0.001518
0.001456
0.001525
0.001433
0.001533
0.002619
0.001563
0.001531
0.001569
0.001469
0.001589
0.005098
0.001526
0.003450
0.001509
0.001515
0.001526
0.001855
0.001539
0.001580
0.001529
0.001501
0.001596
0.001604
0.010697
0.001535
0.001727
0.001477
0.001594
0.001616
0.001559
0.001504
0.005413
0.001524
0.002012
0.001838
0.001589
0.001506
0.001611
0.001607
0.003927
0.007862
0.001540
0.001509
0.014691
0.001637
0.001644
0.001614
0.005735
0.001492
0.001594
0.001481
0.001508
0.001678
0.001867
0.001695
0.001602
0.001551
0.001632
0.001614
0.001513
0.001749
0.004185
0.001524
0.001498
0.001656
0.001537
0.001689
0.001541
0.001797
0.005047
0.001605
0.001516
0.001685
0.001803
0.001561
0.001558
0.002054
0.001602
0.038732
0.001450
0.001669
0.001543
0.001586
0.001642
0.001675
0.001518
0.001507
0.001597
0.001774
0.001595
0.006769
0.001612
0.001542
0.001730
0.001570
0.001765
0.001556
0.001651
0.001516
0.001562
0.001764
0.001848
0.001511
0.001655
0.001533
0.001708
0.001644
0.002075
0.001440
0.001498
0.001684
0.001732
0.001648
0.001484
0.001568
0.001640
0.001508
0.002066
0.001563
0.001603
0.001633
0.001577
0.001725
0.001772
0.001689
0.007345
0.001690
0.001560
0.001508
0.001578
0.001731
0.001572
0.001619
0.001784
0.001427
0.069107
0.001521
0.001494
0.001682
0.001593
0.001649
0.001529
0.001972
0.001577
0.054808
0.001700
0.001509
0.001712
0.001777
0.001768
0.001603
0.001483
0.001698
0.001521
0.001650
0.001539
0.001739
0.001702
0.001511
0.002645
0.005059
0.001565
0.001745
0.002091
0.001738
0.001522
0.001578
0.001555
0.001655
0.001697
0.007310
0.002522
0.001553
0.001593
0.001813
0.001648
0.001785
0.001512
0.001743
0.001725
0.001823
0.001675
0.001697
0.001845
0.001584
0.001651
0.003905
0.001668
0.001691
0.001492
0.001922
0.001617
0.001919
0.001438
0.001461
0.001604
0.001539
0.001484
0.014896
0.001708
0.007524
0.001617
0.001720
0.001518
0.001671
0.001652
0.001808
0.010756
0.001665
0.001632
0.001856
0.001569
0.001598
0.001679
0.001500
0.001892
0.001626
0.001791
0.001753
0.001958
0.001637
0.001509
0.001463
0.001725
0.001561
0.001723
0.001608
0.001696
0.001699
0.001440
0.001709
0.001541
0.001522
0.066535
0.001597
0.001498
0.001736
0.001722
0.003859
0.007109
0.001569
0.001642
0.001869
0.001750
0.049185
0.001579
0.001710
0.001701
0.001603
0.001533
0.001579
0.001600
0.001486
0.002020
0.001482
0.001586
0.001767
0.001642
0.001538
0.001715
0.001959
0.001606
0.001596
0.001516
0.001710
0.001786
0.001629
0.001531
0.001475
0.001861
0.001570
0.001686
0.001571
0.001764
0.001614
0.001980
0.001555
0.001422
0.001641
0.001639
0.001512
0.001607
0.001607
0.001554
0.001635
0.001652
0.001805
0.001680
0.001629
0.001753
0.001667
0.002048
0.001566
0.001653
0.001790
0.001573
0.001728
0.002651
0.001600
0.001726
0.001629
0.001556
0.001653
0.007240
0.001504
0.002959
0.001667
0.001549
0.001533
0.001645
0.001880
0.001841
0.001513
0.001453
0.001657
0.001712
0.001451
0.001527
0.001491
0.001597
0.001673
0.001685
0.001830
0.010138
0.001552
0.001703
0.001501
0.001467
0.001602
0.001806
0.001800
0.001544
0.001674
0.001467
0.001776
0.001547
0.001507
0.001645
0.001744
0.001617
0.001639
0.001537
0.001720
0.001749
0.001532
0.001594
0.001625
0.001729
0.001894
0.001599
0.001529
0.001613
0.003135
0.001527
0.001741
0.001626
0.001654
0.001660
0.001440
0.037180
0.001615
0.003041
0.001759
0.001848
0.001616
0.002143
0.001509
0.001778
0.001600
0.001571
0.001638
0.001742
0.001691
0.001982
0.001573
0.001615
0.001500
0.001527
0.001541
0.001515
0.001514
0.001779
0.001620
0.001488
0.001561
0.006829
0.002858
0.001649
0.001644
0.001532
0.001813
0.001492
0.001538
0.001624
0.001552
0.001784
0.001776
0.001572
0.001672
0.043536
0.001656
0.001651
0.001564
0.001622
0.001643
0.001760
0.001758
0.001519
0.001542
0.047941
0.001489
0.001885
0.001625
0.001617
0.001546
0.001768
0.001542
0.001573
0.001821
0.001691
0.001687
0.001640
0.001543
0.001486
0.001559
0.001767
0.001534
0.001655
0.001492
0.001654
0.001564
0.001619
0.001782
0.001495
0.001704
0.001811
0.001878
0.001616
0.001588
0.001848
0.001714
0.001565
0.002006
0.001636
0.001564
0.001606
0.001626
0.001694
0.001641
0.001577
0.007497
0.001763
0.001919
0.001692
0.051865
0.001584
0.001613
0.001731
0.001710
0.001792
0.002897
0.001652
0.003616
0.001598
0.001634
0.001793
0.001670
0.001718
0.001765
0.001521
0.001609
0.007219
0.013369
0.001644
0.001669
0.001616
0.001535
0.001768
0.001848
0.001508
0.001951
0.001472
0.001500
0.002181
0.001570
0.001602
0.001621
0.001723
0.001586
0.001694
0.001550
0.001490
0.001595
0.019995
0.001674
0.001566
0.001467
0.001667
0.001748
0.004537
0.001502
0.003813
0.001726
0.001698
0.001522
0.001641
0.001668
0.001496
0.001501
0.001622
0.001605
0.001655
0.001668
0.001511
0.001791
0.001549
0.001816
0.001666
0.001609
0.001733
0.001481
0.064969
0.001573
0.001495
0.016219
0.001630
0.001517
0.001391
0.001535
0.011211
0.001763
0.001593
0.001828
0.001541
0.001907
0.001516
0.001547
0.001610
0.001685
0.001627
0.001625
0.001641
0.001744
0.001661
0.001905
0.001525
0.008469
0.001654
0.016969
0.001583
0.002542
0.001550
0.001602
0.001628
0.002497
0.001653
0.001746
0.001800
0.001925
0.001695
0.001620
0.001558
0.001636
0.002581
0.001640
0.001599
0.001891
0.001623
0.003275
0.001541
0.001916
0.001678
0.100753
0.001679
0.001738
0.001768
0.001561
0.002571
0.001634
0.001600
0.001622
0.001572
0.001633
0.001501
0.001548
0.001846
0.001696
0.001461
0.001645
0.001559
0.001481
0.001684
0.001905
0.001520
0.001661
0.001985
0.001480
0.001697
0.001548
0.001597
0.001778
0.001613
0.007314
0.001769
0.001710
0.001793
0.070914
0.001567
0.001827
0.001692
0.002861
0.001567
0.001523
0.001650
0.001873
0.001514
0.001757
0.002327
0.001602
0.001485
0.001569
0.001553
0.001667
0.001716
0.001801
0.001843
0.001695
0.001786
0.001512
0.002847
0.001521
0.001624
0.001527
0.001687
0.001626
0.001582
0.001627
0.001770
0.001672
0.001635
0.001471
0.001555
0.001596
0.001718
0.001555
0.001665
0.001513
0.001889
0.001501
0.001528
0.001472
0.001696
0.001617
0.001583
0.001643
0.001531
0.001709
0.001752
0.001484
0.001719
0.001697
0.001552
0.001809
0.001621
0.001545
0.001756
0.001585
0.001951
0.001619
0.001667
0.001745
0.001520
0.001495
0.001562
0.001578
0.001620
0.001834
0.001605
0.001539
0.001569
0.001693
0.001744
0.001577
0.001704
0.001605
0.001478
0.001510
0.001571
0.001478
0.001649
0.006793
0.001522
0.001514
0.001574
0.001532
0.001651
0.001907
0.001592
0.001638
0.001754
0.001687
0.001725
0.001704
0.001641
0.002054
0.001773
0.001594
0.001668
0.001608
0.001617
0.001554
0.001707
0.001507
0.001719
0.001575
0.001646
0.001458
0.001889
0.001669
0.001620
0.001798
0.018002
0.001850
0.001483
0.001635
0.001797
0.001672
0.002048
0.001741
0.002203
0.001728
0.001469
0.001639
0.001983
0.001555
0.001659
0.001713
0.001545
0.002055
0.001551
0.001641
0.001660
0.001582
0.001585
0.001670
0.001516
0.001650
0.001523
0.001660
0.001470
0.001684
0.001663
0.001732
0.009965
0.001504
0.008973
0.010028
0.010679
0.001540
0.011000
0.010581
0.001537
0.014798
0.001616
0.002018
0.044529
0.009268
0.001726
0.001587
0.001531
0.001522
0.001733
0.001620
0.001754
0.001525
0.001665
0.001621
0.001673
0.001651
0.001783
0.001569
0.001543
0.001666
0.002219
0.002427
0.001753
0.002238
0.001622
0.001993
0.001647
0.002069
0.001918
0.001530
0.001558
0.001924
0.001506
0.002403
0.001658
0.002252
0.004575
0.001880
0.001634
0.048249
0.003640
0.001538
0.001530
0.001538
0.001973
0.001516
0.002570
0.003139
0.001540
0.001484
0.001612
0.001995
0.001676
0.001801
0.001440
0.001582
0.001596
0.001911
0.001559
0.001503
0.001596
0.001593
0.001517
0.001669
0.001742
0.002066
0.001523
0.001511
0.005402
0.001567
0.001555
0.001559
0.001645
0.001587
0.001667
0.001515
0.001522
0.001820
0.001630
0.001512
0.001484
0.001671
0.001510
0.001530
0.001603
0.001851
0.001884
0.001532
0.001599
0.001663
0.001751
0.001679
0.001580
0.001682
0.001615
0.001630
0.001757
0.001681
0.001596
0.001497
0.001618
0.001497
0.001598
0.001536
0.001909
0.001492
0.001659
0.001863
0.001501
0.037394
0.001568
0.001667
0.002138
0.001671
0.001478
0.001481
0.002105
0.001627
0.002084
0.001611
0.001621
0.001718
0.001615
0.001688
0.001568
0.001524
0.001659
0.001428
0.001554
0.001614
0.001525
0.002014
0.001789
0.001537
0.001869
0.001508
0.001525
0.001487
0.001657
0.001517
0.001533
0.001710
0.001502
0.001774
0.013481
0.001545
0.001551
0.001598
0.001701
0.001623
0.001546
0.001621
0.001670
0.001538
0.001690
0.004050
0.001810
0.001715
0.001684
0.001763
0.001591
0.001495
0.001598
0.001584
0.001553
0.001484
0.001676
0.001624
0.002762
0.001566
0.001766
0.001690
0.001640
0.001974
0.001644
0.001563
0.001656
0.001638
0.004829
0.001551
0.001517
0.003015
0.001562
0.006728
0.001512
0.001606
0.001531
0.001621
0.001504
0.001588
0.001616
0.001522
0.001663
0.001609
0.001541
0.001815
0.001512
0.001565
0.001594
0.002304
0.001488
0.001689
0.001546
0.001455
0.001535
0.002026
0.001527
0.001487
0.001451
0.001538
0.001727
0.002054
0.001704
0.001601
0.001609
0.001619
0.001624
0.001616
0.001815
0.001536
0.001467
0.001605
0.001534
0.001512
0.001558
0.001524
0.001680
0.001615
0.001553
0.001736
0.001590
0.001516
0.001598
0.001751
0.001931
0.001695
0.001617
0.001554
0.001677
0.001682
0.001503
0.001526
0.001934
0.001698
0.001449
0.001918
0.001574
0.001594
0.001617
0.001679
0.001453
0.001519
0.001530
0.001506
0.001815
0.001469
0.001521
0.001519
0.002410
0.001570
0.001475
0.001806
0.001566
0.001561
0.001545
0.001498
0.001538
0.001560
0.001595
0.001520
0.001506
0.001741
0.001687
0.001554
0.001626
0.001492
0.001764
0.001492
0.001516
0.001482
0.001561
0.001575
0.001750
0.001706
0.001728
0.001771
0.001561
0.001741
0.002619
0.001532
0.001524
0.001703
0.001614
0.001753
0.001506
0.001551
0.002802
0.001644
0.001701
0.001594
0.001758
0.001531
0.001850
0.001552
0.001679
0.043751
0.001473
0.001425
0.001730
0.001502
0.001604
0.001628
0.001630
0.001499
0.001780
0.001573
0.001936
0.001701
0.001538
0.038158
0.001644
0.002398
0.001513
0.001572
0.001617
0.001494
0.001511
0.001668
0.002408
0.001541
0.001524
0.001437
0.001551
0.001667
0.001617
0.001668
0.001634
0.001598
0.033931
0.001498
0.001566
0.005891
0.001590
0.001678
0.001533
0.002472
0.001642
0.001689
0.001552
0.001886
0.001810
0.001717
0.001557
0.010807
0.001595
0.001648
0.001576
0.001622
0.011865
0.001587
0.001608
0.001478
0.001518
0.001655
0.001538
0.001999
0.001412
0.001667
0.001630
0.001547
0.001537
0.001696
0.001883
0.001559
0.001516
0.001585
0.001576
0.001622
0.001851
0.001808
0.016880
0.001504
0.002300
0.001564
0.001435
0.001500
0.001522
0.002001
0.001632
0.001519
0.001544
0.002139
0.001480
0.001562
0.001547
0.001544
0.001704
0.001475
0.001558
0.001545
0.001557
0.001461
0.001514
0.002311
0.001477
0.002004
0.001598
0.001606
0.001586
0.001690
0.001979
0.001500
0.001617
0.001645
0.001564
0.001555
0.001476
0.001433
0.001641
0.001485
0.001726
0.001608
0.001609
0.001506
0.001497
0.001492
0.002224
0.001479
0.001658
0.001632
0.001538
0.001512
0.001796
0.001557
0.001567
0.001624
0.001712
0.001672
0.001803
0.002694
0.001534
0.001534
0.002038
0.004439
0.001908
0.005248
0.001960
0.010675
0.001658
0.001575
0.001529
0.006315
0.001519
0.001610
0.001545
0.003664
0.001689
0.001716
0.001707
0.002072
0.001506
0.001830
0.001644
0.001667
0.001591
0.001590
0.002908
0.001498
0.001575
0.003079
0.004843
0.002267
0.032012
0.001443
0.001585
0.001886
0.001551
0.001664
0.001658
0.001493
0.001578
0.001590
0.001511
0.001452
0.001506
0.013669
0.001518
0.001664
0.001572
0.001552
0.001728
0.001718
0.001519
0.001536
0.001677
0.002004
0.001493
0.001513
0.001761
0.001815
0.001543
0.001578
0.001627
0.001581
0.001669
0.001670
0.002091
0.001713
0.001785
0.001611
0.001683
0.001700
0.001524
0.001657
0.001537
0.001573
0.001633
0.001472
0.001805
0.001576
0.001728
0.001499
0.011746
0.001590
0.001653
0.004049
0.001634
0.001667
0.001612
0.001594
0.001586
0.001647
0.001579
0.001763
0.001696
0.001628
0.001628
0.001806
0.001595
0.001666
0.001704
0.001581
0.001970
0.002380
0.002826
0.001795
0.001713
0.001484
0.001532
0.001625
0.003955
0.003040
0.003311
0.002772
0.003847
0.002532
0.002679
0.003472
0.004168
0.002811
0.002895
0.016952
0.001685
0.001662
0.001550
0.001538
0.001638
0.001748
0.001575
0.001527
0.001753
0.001701
0.001446
0.001602
0.001707
0.001584
0.001640
0.001501
0.001592
0.001911
0.001573
0.007061
0.001628
0.001706
0.001469
0.019303
0.001630
0.001645
0.001490
0.001729
0.001699
0.001562
0.001655
0.002405
0.001616
0.001580
0.001545
0.001735
0.001534
0.001768
0.001524
0.001479
0.001680
0.002095
0.001550
0.001498
0.001553
0.001751
0.001675
0.001519
0.001550
0.001699
0.001538
0.001701
0.001656
0.001669
0.001671
0.001547
0.001983
0.001751
0.001579
0.001696
0.001698
0.001747
0.001674
0.001466
0.001528
0.001847
0.001560
0.001515
0.001572
0.001549
0.001634
0.001782
0.001825
0.001622
0.001634
0.001629
0.001580
0.001751
0.001695
0.001523
0.001576
0.001618
0.002032
0.001537
0.001839
0.001561
0.057610
0.001536
0.002152
0.001638
0.001544
0.001601
0.001709
0.001882
0.001603
0.001522
0.003084
0.001903
0.001513
0.001631
0.001762
0.001516
0.001695
0.001568
0.001499
0.001477
0.001576
0.001552
0.001561
0.001598
0.001495
0.001637
0.001649
0.001547
0.001538
0.001682
0.001509
0.001567
0.001553
0.001498
0.001664
0.001724
0.001589
0.001555
0.001585
0.001651
0.001744
0.001436
0.001663
0.001518
0.007514
0.051285
0.001636
0.001587
0.001695
0.001688
0.001828
0.001634
0.001686
0.001698
0.001638
0.001425
0.001649
0.001609
0.001592
0.001545
0.001741
0.001715
0.001545
0.001690
0.001751
0.001491
0.001534
0.001642
0.001723
0.013371
0.001628
0.001591
0.001750
0.001481
0.001988
0.001588
0.001626
0.001562
0.001562
0.001766
0.001497
0.001493
0.001591
0.001593
0.001575
0.001758
0.001561
0.001757
0.001526
0.003640
0.064811
0.001623
0.002116
0.001511
0.001558
0.001593
0.001537
0.001841
0.001531
0.001588
0.001725
0.001698
0.001550
0.001558
0.001703
0.001649
0.001925
0.001576
0.001862
0.001716
0.001550
0.001502
0.007477
0.014312
0.001735
0.001557
0.001488
0.001600
0.001526
0.001766
0.001585
0.001502
0.001615
0.001752
0.001723
0.001684
0.001705
0.001743
0.001611
0.001707
0.001545
0.001600
0.001505
0.001731
0.004798
0.037266
0.002445
0.001585
0.001607
0.001510
0.001804
0.001525
0.001696
0.001652
0.002026
0.001619
0.001575
0.001541
0.001506
0.001741
0.001646
0.001554
0.001626
0.001801
0.001463
0.001677
0.001797
0.001721
0.001588
0.001785
0.012392
0.001686
0.001523
0.001575
0.001488
0.001547
0.001672
0.001551
0.002426
0.001523
0.001585
0.001797
0.001526
0.001516
0.001573
0.001680
0.001606
0.001701
0.001918
0.002083
0.001466
0.001531
0.001680
0.001548
