0.033540
0.028598
0.018951
0.014723
0.014791
0.066308
0.018078
0.019870
0.015001
0.006920
0.029849
0.002180
0.016485
0.012386
0.017930
0.017259
0.017272
0.013224
0.016629
0.015720
0.013853
0.019299
0.018705
0.018446
0.003418
0.014933
0.011073
0.019626
0.012017
0.014127
0.020391
0.016135
0.016459
0.018497
0.012561
0.016180
0.013624
0.002625
0.018872
0.013513
0.030446
0.015366
0.003392
0.010760
0.003236
0.010083
0.003515
0.012056
0.002283
0.013275
0.018714
0.014783
0.014604
0.014535
0.014134
0.015611
0.014696
0.018499
0.014169
0.015149
0.016811
0.012602
0.013885
0.002398
0.015652
0.011441
0.054801
0.016699
0.015655
0.016790
0.012641
0.013737
0.027705
0.017865
0.015799
0.021008
0.016291
0.017724
0.015678
0.002491
0.018964
0.013103
0.015259
0.014547
0.019638
0.017643
0.015755
0.014311
0.015125
0.014464
0.018106
0.012289
0.014495
0.018491
0.018767
0.012556
0.013104
0.018161
0.019174
0.014177
0.003185
0.037006
0.012687
0.013890
0.003397
0.015766
0.013728
0.016583
0.014951
0.019257
0.015329
0.017129
0.016497
0.014722
0.004900
0.023775
0.018477
0.013781
0.004629
0.003531
0.032793
0.015674
0.011971
0.048728
0.015483
0.013741
0.015048
0.003254
0.015402
0.053056
0.015649
0.014309
0.019773
0.012443
0.004419
0.003692
0.029373
0.019241
0.012212
0.013168
0.018595
0.014881
0.050184
0.015191
0.014677
0.014653
0.014191
0.019624
0.017465
0.013055
0.013220
0.012840
0.016973
0.013007
0.004193
0.014723
0.011744
0.002169
0.033195
0.004117
0.002621
0.002953
0.014940
0.017365
0.016033
0.018018
0.015739
0.012679
0.012349
0.018977
0.012783
0.016346
0.014545
0.013738
0.015257
0.002262
0.014771
0.015348
0.017423
0.016493
0.012396
0.011542
0.002184
0.054091
0.013140
0.022510
0.012723
0.004840
0.003621
0.010377
0.002166
0.031837
0.014305
0.002208
0.027313
0.002121
0.014376
0.013660
0.019652
0.018710
0.015581
0.014772
0.014416
0.018587
0.013355
0.016353
0.014808
0.014505
0.021839
0.016023
0.002118
0.015339
0.017523
0.011929
0.002867
0.012474
0.002105
0.012055
0.008992
0.005086
0.015741
0.013332
0.010178
0.001804
0.005201
0.011434
0.002465
0.006799
0.024407
0.008159
0.001770
0.001606
0.006919
0.001743
0.002772
0.010174
0.001799
0.004587
0.014756
0.010710
0.002864
0.010270
0.001702
0.001605
0.009788
0.001817
0.001760
0.006302
0.004629
0.001635
0.008164
0.005974
0.007781
0.001736
0.001664
0.012677
0.002819
0.010555
0.013988
0.001762
0.001674
0.013224
0.015432
0.001777
0.008059
0.001706
0.001697
0.008840
0.001607
0.001706
0.006842
0.003830
0.001749
0.001923
0.006072
0.001747
0.001715
0.011164
0.003114
0.001693
0.065452
0.009527
0.002075
0.011288
0.002695
0.001687
0.006812
0.003927
0.003088
0.006072
0.001772
0.011375
0.006883
0.017985
0.004536
0.001785
0.004865
0.009485
0.001676
0.003887
0.007217
0.001746
0.011242
0.007644
0.005990
0.001699
0.011108
0.003162
0.002886
0.001715
0.008341
0.004368
0.011912
0.001846
0.008780
0.001815
0.003962
0.006851
0.005084
0.011336
0.001930
0.001761
0.009823
0.001990
0.006867
0.001656
0.012850
0.001682
0.001759
0.001736
0.009134
0.001823
0.001746
0.009071
0.005645
0.007673
0.006470
0.006152
0.007098
0.010580
0.003099
0.006926
0.002227
0.001731
0.001756
0.006441
0.001879
0.001760
0.010392
0.003652
0.001691
0.011136
0.001700
0.001683
0.009780
0.001654
0.001846
0.009262
0.002165
0.001753
0.008632
0.001768
0.001675
0.008919
0.001751
0.001665
0.008135
0.003875
0.001819
0.007609
0.003223
0.002802
0.024067
0.003941
0.011348
0.001821
0.009954
0.001702
0.005361
0.007190
0.001701
0.004729
0.006392
0.001704
0.004215
0.007307
0.004147
0.012290
0.003640
0.010532
0.001672
0.001718
0.009249
0.002824
0.001686
0.008377
0.005766
0.009846
0.006074
0.005956
0.001748
0.001681
0.012089
0.001722
0.001797
0.009080
0.002534
0.009884
0.001727
0.001701
0.009704
0.002995
0.014049
0.010791
0.003424
0.002821
0.010851
0.001737
0.001683
0.007855
0.004091
0.054447
0.014984
0.007585
0.002054
0.012182
0.002738
0.006979
0.008326
0.006445
0.001785
0.005376
0.006023
0.001734
0.001686
0.025807
0.001717
0.001667
0.009995
0.002149
0.002758
0.001781
0.007958
0.001806
0.001728
0.012153
0.018512
0.006404
0.008150
0.008378
0.001701
0.011226
0.004962
0.002314
0.006830
0.001716
0.003823
0.006637
0.004075
0.014794
0.001636
0.016083
0.010601
0.001740
0.001914
0.011958
0.001859
0.008377
0.005583
0.012110
0.009587
0.007590
0.006941
0.001704
0.002646
0.006758
0.003377
0.001901
0.001747
0.009151
0.001760
0.001730
0.006114
0.001733
0.006885
0.005857
0.003047
0.003535
0.011083
0.003948
0.006763
0.002940
0.001675
0.007089
0.001833
0.006040
0.005568
0.001715
0.008350
0.012100
0.005085
0.001697
0.012068
0.001873
0.023737
0.002593
0.002827
0.009353
0.001742
0.001672
0.001750
0.005785
0.001734
0.001718
0.010875
0.001787
0.004061
0.005896
0.003734
0.002942
0.010587
0.001839
0.012029
0.002830
0.009937
0.003148
0.001762
0.006098
0.001639
0.011937
0.004219
0.001520
0.012955
0.002681
0.007191
0.002144
0.010584
0.001685
0.004158
0.001697
0.011555
0.002284
0.006171
0.001720
0.001719
0.001803
0.007902
0.002621
0.001619
0.007783
0.007387
0.009741
0.001621
0.012838
0.002516
0.001734
0.008483
0.004924
0.054622
0.008172
0.010357
0.002122
0.011240
0.001795
0.043802
0.008105
0.024321
0.001642
0.002024
0.006936
0.001696
0.004988
0.006375
0.001621
0.001724
0.001636
0.008942
0.003062
0.003030
0.009580
0.001505
0.001642
0.009877
0.001854
0.001819
0.009766
0.001690
0.001735
0.009018
0.001778
0.011801
0.001867
0.001705
0.008399
0.001690
0.004492
0.007510
0.002206
0.013335
0.001710
0.009845
0.002379
0.002915
0.012464
0.012126
0.001600
0.001751
0.009803
0.001714
0.001691
0.006854
0.004707
0.001808
0.007448
0.001751
0.011288
0.001704
0.012823
0.002554
0.001974
0.011624
0.001531
0.001656
0.011069
0.001780
0.001931
0.011451
0.001769
0.010874
0.001700
0.011389
0.001606
0.012545
0.003103
0.010888
0.001783
0.010946
0.007511
0.012619
0.001711
0.025572
0.001783
0.011955
0.013781
0.001772
0.001686
0.009020
0.003436
0.001648
0.015882
0.010359
0.001714
0.001801
0.005965
0.005526
0.006472
0.007072
0.005753
0.001916
0.004439
0.001875
0.006208
0.004473
0.010052
0.003683
0.001757
0.010369
0.001660
0.001787
0.007480
0.006107
0.009947
0.001788
0.001695
0.008222
0.004557
0.001798
0.005931
0.013990
0.005270
0.008549
0.004806
0.001703
0.011111
0.002008
0.012656
0.009212
0.001665
0.053699
0.007341
0.004674
0.002321
0.007506
0.002604
0.011231
0.001701
0.001654
0.015765
0.014479
0.001613
0.024444
0.001639
0.003434
0.001738
0.012452
0.001728
0.006213
0.001703
0.003743
0.007599
0.003911
0.002905
0.010718
0.002969
0.006934
0.002548
0.014475
0.003115
0.010503
0.001706
0.001652
0.009401
0.016511
0.019595
0.010665
0.001686
0.009138
0.006067
0.012227
0.001697
0.013256
0.001733
0.008673
0.001730
0.001633
0.008743
0.006987
0.009701
0.001728
0.001630
0.009827
0.001683
0.015552
0.009787
0.002794
0.010663
0.001633
0.001697
0.009429
0.002432
0.008991
0.001671
0.001760
0.002469
0.010820
0.002104
0.011341
0.001663
0.001698
0.009402
0.001674
0.001583
0.006288
0.001670
0.002938
0.002896
0.006943
0.002663
0.029995
0.001727
0.009209
0.001721
0.003397
0.015046
0.006776
0.001669
0.003422
0.009953
0.003770
0.003143
0.006838
0.002473
0.002917
0.007113
0.002467
0.002799
0.010696
0.001775
0.008044
0.001973
0.001750
0.001749
0.012960
0.001780
0.007762
0.002539
0.010194
0.001565
0.004114
0.011367
0.002601
0.010198
0.001700
0.001794
0.006904
0.015543
0.004528
0.001673
0.007545
0.001684
0.001666
0.009717
0.002698
0.001780
0.015840
0.006250
0.002897
0.001687
0.001776
0.009329
0.047324
0.008341
0.008332
0.004312
0.007102
0.004974
0.012083
0.001728
0.007273
0.001742
0.001653
0.001786
0.010770
0.001712
0.001784
0.024103
0.002034
0.010819
0.002842
0.001675
0.001785
0.006255
0.001690
0.001777
0.001714
0.021692
0.003608
0.021100
0.009955
0.010518
0.003227
0.002854
0.007068
0.006584
0.007657
0.001920
0.018187
0.010506
0.014936
0.002706
0.002857
0.007628
0.002061
0.002013
0.001679
0.006273
0.005177
0.008361
0.005312
0.001761
0.006502
0.001546
0.001761
0.001730
0.007919
0.002721
0.003155
0.006784
0.002484
0.002830
0.010216
0.001673
0.011562
0.003557
0.009843
0.001709
0.001663
0.007414
0.004953
0.013642
0.015734
0.002036
0.010995
0.003459
0.010586
0.001724
0.001604
0.023224
0.001716
0.001700
0.026552
0.003064
0.001557
0.008419
0.001838
0.001670
0.001639
0.005896
0.002702
0.003033
0.010216
0.001773
0.001599
0.008894
0.001734
0.011573
0.001617
0.001573
0.009411
0.003583
0.002912
0.011051
0.002496
0.009836
0.001655
0.012330
0.002877
0.012895
0.004751
0.005501
0.001716
0.001642
0.001682
0.007553
0.002529
0.002839
0.007136
0.001762
0.003318
0.010334
0.001642
0.001599
0.009440
0.001671
0.014286
0.001667
0.001742
0.010555
0.001730
0.016300
0.010869
0.002165
0.010988
0.048909
0.007510
0.011625
0.006817
0.005675
0.001752
0.008663
0.001719
0.015700
0.001940
0.011262
0.008923
0.025121
0.010628
0.001698
0.001715
0.011715
0.012042
0.001718
0.023280
0.007492
0.001706
0.015636
0.014263
0.010634
0.002899
0.010874
0.001694
0.001702
0.008877
0.001790
0.001692
0.016840
0.007695
0.002586
0.001687
0.010893
0.003833
0.010059
0.001663
0.001663
0.009894
0.002841
0.010521
0.003235
0.012357
0.005345
0.005864
0.001673
0.001685
0.002065
0.010852
0.001785
0.010985
0.001689
0.001688
0.009763
0.005759
0.006376
0.001558
0.013152
0.001766
0.001595
0.011967
0.002009
0.011385
0.001656
0.001588
0.010270
0.011011
0.001735
0.006533
0.007367
0.001693
0.011142
0.001689
0.015738
0.010830
0.004359
0.001715
0.010806
0.001716
0.016786
0.007477
0.001723
0.005237
0.010112
0.001601
0.008101
0.003537
0.003068
0.024254
0.004428
0.010672
0.002960
0.001810
0.006595
0.001642
0.001610
0.008246
0.003583
0.001670
0.006628
0.001702
0.004862
0.007444
0.002391
0.001495
0.001733
0.009666
0.001697
0.005722
0.001786
0.001656
0.001672
0.001865
0.008318
0.002818
0.001940
0.008968
0.011780
0.002852
0.003045
0.010463
0.002540
0.010806
0.054280
0.010916
0.024266
0.006783
0.012832
0.001727
0.001562
0.008838
0.001743
0.034691
0.007790
0.002231
0.001841
0.007612
0.005926
0.001824
0.006408
0.004170
0.011239
0.001715
0.001740
0.012162
0.018285
0.006393
0.001585
0.001584
0.001861
0.007158
0.001718
0.001626
0.012171
0.002050
0.001688
0.012794
0.001756
0.015449
0.006839
0.002276
0.002813
0.010904
0.001691
0.007566
0.002459
0.002601
0.007476
0.002290
0.002905
0.015046
0.001753
0.006334
0.012102
0.001534
0.006275
0.006091
0.001740
0.001662
0.001751
0.006814
0.005745
0.015936
0.009373
0.003787
0.011335
0.001738
0.002940
0.011643
0.001820
0.005611
0.001594
0.011740
0.009599
0.001679
0.011734
0.001678
0.001759
0.001575
0.011597
0.019144
0.008218
0.002902
0.008179
0.005551
0.001670
0.001764
0.006722
0.004981
0.001659
0.010706
0.001650
0.008528
0.001779
0.012083
0.001652
0.001637
0.008761
0.004650
0.001623
0.005959
0.001785
0.001704
0.012357
0.002683
0.014817
0.001747
0.009463
0.001524
0.002149
0.005574
0.001677
0.011468
0.001708
0.001651
0.013050
0.001723
0.001735
0.005863
0.014765
0.001611
0.002044
0.014253
0.001688
0.006455
0.001674
0.001626
0.001714
0.010327
0.001578
0.001809
0.006470
0.001711
0.057692
0.008810
0.002853
0.006933
0.002544
0.001672
0.006607
0.003986
0.002883
0.006884
0.002584
0.002960
0.010481
0.001725
0.001687
0.009441
0.004328
0.019682
0.006707
0.001581
0.009588
0.001723
0.005839
0.005911
0.001683
0.001650
0.011536
0.002989
0.001781
0.011117
0.014247
0.003703
0.007814
0.002625
0.012689
0.001650
0.001667
0.006481
0.001689
0.014677
0.001757
0.001712
0.006371
0.001745
0.012911
0.001810
0.005689
0.010603
0.013616
0.001729
0.001706
0.006208
0.001673
0.001681
0.001605
0.009900
0.001663
0.001668
0.007686
0.001713
0.001672
0.014257
0.001705
0.009309
0.004766
0.007430
0.001643
0.001637
0.008696
0.002452
0.012211
0.005133
0.001633
0.008034
0.002363
0.001847
0.158724
0.007825
0.010713
0.001986
0.007925
0.005652
0.007896
0.001712
0.001670
0.007976
0.003722
0.001674
0.010507
0.001739
0.001611
0.010092
0.003128
0.009931
0.002833
0.011223
0.001685
0.001580
0.008886
0.003644
0.001777
0.007769
0.001817
0.014716
0.001713
0.009245
0.001820
0.001736
0.001638
0.010069
0.002620
0.001766
0.007860
0.002582
0.013735
0.001694
0.007145
0.004020
0.001773
0.058024
0.009062
0.014218
0.010643
0.013974
0.001731
0.001718
0.005977
0.006422
0.013502
0.001829
0.035075
0.011880
0.010689
0.001725
0.001679
0.006511
0.001708
0.001659
0.007826
0.005948
0.001627
0.008548
0.005324
0.006253
0.004315
0.001720
0.008259
0.006372
0.010159
0.001596
0.007413
0.003338
0.013482
0.012551
0.001703
0.001651
0.009212
0.001673
0.002609
0.001856
0.008247
0.002500
0.009657
0.003543
0.001608
0.001712
0.006247
0.007641
0.008879
0.001677
0.001731
0.006582
0.001730
0.001663
0.001731
0.006623
0.008229
0.006071
0.004911
0.001650
0.010022
0.002760
0.010553
0.002853
0.007203
0.001967
0.001648
0.001682
0.009289
0.001769
0.010682
0.001760
0.001595
0.013712
0.003115
0.010833
0.002634
0.010695
0.001705
0.001667
0.006508
0.016629
0.002986
0.025683
0.008109
0.010286
0.014820
0.001711
0.011652
0.001659
0.001652
0.009319
0.002344
0.013414
0.004079
0.005968
0.001771
0.001621
0.008746
0.003554
0.002693
0.010396
0.013042
0.004486
0.007650
0.001709
0.006379
0.005973
0.003712
0.001598
0.006384
0.014112
0.001533
0.001643
0.001682
0.011788
0.003053
0.007015
0.001681
0.006438
0.006104
0.001659
0.011001
0.004911
0.001681
0.007885
0.001709
0.004040
0.007673
0.001665
0.050194
0.007981
0.004416
0.012332
0.001723
0.001731
0.008439
0.001878
0.005998
0.009770
0.013732
0.003522
0.007247
0.001728
0.004165
0.020461
0.007814
0.001747
0.007319
0.001652
0.001699
0.009210
0.001632
0.004717
0.014863
0.007643
0.001675
0.002809
0.010223
0.003515
0.006443
0.001791
0.002820
0.003369
0.007030
0.002562
0.003146
0.007181
0.002329
0.001562
0.001722
0.013565
0.010509
0.002797
0.010698
0.006140
0.007558
0.001668
0.001675
0.024099
0.008097
0.009638
0.003379
0.010737
0.002741
0.001690
0.007968
0.001696
0.001717
0.008427
0.001677
0.011359
0.003730
0.001719
0.009935
0.003208
0.001744
0.006160
0.002237
0.002881
0.010915
0.005912
0.005926
0.001652
0.001648
0.010452
0.005517
0.008844
0.006391
0.011016
0.001749
0.010454
0.001745
0.012572
0.002834
0.001725
0.031950
0.006615
0.001729
0.001707
0.001704
0.006339
0.001699
0.012607
0.001807
0.003156
0.009949
0.003474
0.014807
0.013841
0.001705
0.007959
0.006142
0.008535
0.001653
0.005270
0.012178
0.001704
0.011559
0.001527
0.009198
0.001619
0.010961
0.001719
0.001660
0.001642
0.006081
0.001678
0.010679
0.001742
0.001685
0.011085
0.002153
0.002898
0.007163
0.002075
0.011790
0.001790
0.013278
0.004223
0.010311
0.001674
0.001654
0.049780
0.010763
0.001867
0.010309
0.004294
0.010107
0.003158
0.011243
0.001769
0.012135
0.002232
0.001681
0.012178
0.002156
0.001749
0.028013
0.003540
0.006904
0.003038
0.001749
0.006122
0.001705
0.016396
0.003354
0.010333
0.003744
0.018701
0.008188
0.001807
0.014665
0.001711
0.007500
0.019932
0.001715
0.010892
0.001629
0.001756
0.006320
0.001644
0.002902
0.009974
0.007461
0.006929
0.001711
0.003803
0.007258
0.002244
0.002916
0.015183
0.013642
0.001790
0.009186
0.002018
0.010404
0.001713
0.001566
0.007388
0.001593
0.001768
0.001692
0.007880
0.003261
0.003077
0.013541
0.015615
0.009778
0.003240
0.012959
0.004660
0.005953
0.003278
0.001680
0.008484
0.006524
0.010347
0.001678
0.011108
0.001707
0.003634
0.026533
0.001733
0.001754
0.008125
0.001683
0.001720
0.006204
0.001695
0.001656
0.001774
0.010477
0.001742
0.001762
0.008557
0.002503
0.009935
0.003727
0.010541
0.002431
0.003562
0.006108
0.001685
0.001685
0.017929
0.010689
0.001785
0.010286
0.015243
0.003013
0.001593
0.008278
0.002353
0.001663
0.010837
0.003905
0.006733
0.001756
0.001717
0.008331
0.001654
0.006902
0.005977
0.001731
0.001685
0.002676
0.008158
0.001832
0.001636
0.006602
0.001691
0.015538
0.064474
0.011686
0.014815
0.006359
0.018197
0.007709
0.001673
0.001571
0.001683
0.010855
0.001571
0.001797
0.032859
0.010341
0.002891
0.006724
0.002666
0.002920
0.010902
0.001720
0.001838
0.008955
0.011266
0.003518
0.014625
0.001729
0.009428
0.003489
0.018092
0.007398
0.005388
0.001921
0.006011
0.005761
0.010038
0.001633
0.002722
0.009011
0.001724
0.003913
0.006801
0.002652
0.003181
0.005859
0.001621
0.001653
0.001670
0.011076
0.001724
0.004260
0.006847
0.014219
0.001702
0.009917
0.001691
0.001701
0.018642
0.007598
0.003382
0.014045
0.003011
0.010767
0.002821
0.010873
0.002734
0.013862
0.007285
0.001647
0.010154
0.002727
0.002864
0.006800
0.002685
0.001599
0.012195
0.001701
0.001846
0.029613
0.001867
0.006278
0.001613
0.001658
0.009622
0.001723
0.001524
0.013366
0.001679
0.008880
0.001729
0.002658
0.010863
0.001672
0.001648
0.009217
0.001703
0.011757
0.001757
0.003189
0.010187
0.003753
0.010920
0.002440
0.006502
0.001872
0.001679
0.012373
0.001756
0.001599
0.009224
0.003383
0.001665
0.006370
0.001717
0.001660
0.010309
0.002932
0.002784
0.014919
0.010616
0.004579
0.006545
0.001695
0.013224
0.001786
0.001647
0.009520
0.002873
0.049897
0.011048
0.002384
0.001639
0.011765
0.014546
0.009640
0.004510
0.002829
0.011094
0.001667
0.009173
0.005518
0.010266
0.017079
0.016538
0.001686
0.011295
0.001789
0.008514
0.001750
0.005141
0.009183
0.002346
0.010434
0.004854
0.009154
0.001839
0.011823
0.001720
0.001721
0.008253
0.003167
0.002722
0.007599
0.002172
0.002629
0.010482
0.004205
0.013110
0.001971
0.008305
0.001650
0.001635
0.012768
0.001705
0.011467
0.001749
0.011512
0.001696
0.001637
0.008357
0.001788
0.011575
0.005058
0.008857
0.001726
0.014721
0.001670
0.012339
0.002832
0.006147
0.001713
0.015763
0.001807
0.001846
0.006083
0.004777
0.001995
0.012356
0.018502
0.007276
0.001719
0.002707
0.007220
0.004165
0.001642
0.010214
0.001640
0.001689
0.030856
0.007630
0.003447
0.001613
0.008200
0.001690
0.001756
0.011932
0.001681
0.001691
0.008879
0.003018
0.010095
0.003388
0.009989
0.003752
0.017486
0.007044
0.001754
0.001634
0.009766
0.005699
0.006918
0.001677
0.001743
0.001628
0.008484
0.001690
0.001851
0.007781
0.001656
0.001629
0.010779
0.002651
0.001590
0.008106
0.001607
0.001733
0.001752
0.006048
0.001698
0.014562
0.003413
0.008263
0.001642
0.001758
0.001789
0.008627
0.002309
0.014157
0.058702
0.007764
0.017129
0.011730
0.001709
0.011144
0.009232
0.004015
0.002629
0.011640
0.001645
0.011628
0.021267
0.012257
0.001874
0.006479
0.001601
0.005068
0.006370
0.001528
0.001727
0.001667
0.006664
0.002759
0.001677
0.012186
0.001699
0.011954
0.001818
0.013101
0.001676
0.002644
0.006526
0.002566
0.002825
0.011294
0.001681
0.007409
0.002665
0.001608
0.012040
0.001670
0.011282
0.013305
0.014100
0.004735
0.011147
0.002062
0.013407
0.004794
0.009701
0.001848
0.008506
0.005367
0.001712
0.006027
0.001763
0.002069
0.010274
0.001944
0.011938
0.001850
0.001620
0.007639
0.005625
0.001521
0.005047
0.006971
0.018339
0.011200
0.001826
0.011206
0.001678
0.007875
0.003033
0.001601
0.007886
0.001657
0.003591
0.007106
0.001801
0.023705
0.006800
0.002558
0.001671
0.008293
0.001695
0.001613
0.009478
0.001757
0.001710
0.007340
0.007682
0.006279
0.001690
0.001652
0.016560
0.001633
0.006263
0.001699
0.011646
0.003968
0.003672
0.008612
0.001587
0.001712
0.007213
0.001847
0.003406
0.006986
0.006580
0.013962
0.001797
0.008801
0.001649
0.001629
0.008080
0.005429
0.008325
0.002255
0.001668
0.114114
0.012019
0.003061
0.008393
0.003950
0.010762
0.003611
0.001666
0.008218
0.001711
0.001684
0.007640
0.003399
0.014695
0.001634
0.007487
0.001867
0.001639
0.024682
0.013813
0.012081
0.010299
0.003152
0.011104
0.001693
0.022894
0.007228
0.006716
0.002651
0.014092
0.003343
0.001650
0.007720
0.001680
0.003603
0.010853
0.001891
0.011061
0.001782
0.001697
0.011163
0.009520
0.001845
0.013359
0.001693
0.001684
0.010763
0.001677
0.002816
0.007161
0.001571
0.001622
0.016634
0.007205
0.002187
0.002891
0.009564
0.001776
0.001621
0.007255
0.001782
0.001720
0.001648
0.007359
0.003495
0.009888
0.003322
0.014756
0.001878
0.013469
0.014915
0.011748
0.001646
0.014679
0.001620
0.001704
0.011006
0.002177
0.011080
0.002433
0.022224
0.075070
0.007028
0.001695
0.001665
0.001588
0.006693
0.003675
0.013393
0.001716
0.001750
0.009793
0.001609
0.001850
0.010939
0.013409
0.001691
0.012743
0.001720
0.011535
0.004968
0.008611
0.001675
0.001675
0.016920
0.014627
0.050721
0.046549
0.010230
0.016579
0.001790
0.007220
0.001759
0.002491
0.010880
0.002163
0.014013
0.001668
0.001717
0.006785
0.001624
0.010441
0.003089
0.003422
0.025729
0.009492
0.008665
0.001965
0.007345
0.006926
0.006946
0.002027
0.001643
0.007870
0.006644
0.057874
0.013989
0.007297
0.009688
0.001684
0.001712
0.006943
0.001734
0.001730
0.001795
0.006738
0.004514
0.001677
0.013052
0.001647
0.006908
0.001645
0.001602
0.001714
0.030711
0.021964
0.007886
0.010316
0.002949
0.010332
0.003255
0.002125
0.011127
0.001674
0.008508
0.002252
0.012023
0.001702
0.001680
0.013870
0.001593
0.012502
0.011093
0.003842
0.009897
0.001596
0.015467
0.003801
0.006912
0.001633
0.003438
0.009661
0.001775
0.001810
0.012959
0.001717
0.008629
0.006330
0.010962
0.001691
0.010812
0.001687
0.040270
0.007162
0.001859
0.011102
0.001652
0.007997
0.002451
0.003198
0.010623
0.001614
0.010831
0.001668
0.001630
0.009778
0.001705
0.001745
0.008950
0.001694
0.001795
0.008467
0.004984
0.011323
0.003260
0.014869
0.010958
0.001700
0.009674
0.001695
0.057631
0.007072
0.011978
0.016268
0.001798
0.001874
0.007091
0.019789
0.001834
0.005272
0.002098
0.002717
0.002246
0.007557
0.002707
0.002863
0.006731
0.002592
0.002833
0.010921
0.001710
0.011585
0.001670
0.003736
0.005708
0.006090
0.007928
0.007202
0.013436
0.019651
0.010230
0.015145
0.001782
0.026615
0.011431
0.001696
0.005810
0.003258
0.002221
0.001676
0.008566
0.002401
0.016231
0.012268
0.003995
0.001734
0.006243
0.001790
0.001572
0.001917
0.006049
0.001719
0.004462
0.014702
0.007439
0.001689
0.001563
0.011029
0.006365
0.008396
0.001798
0.001652
0.007519
0.003424
0.001845
0.007544
0.016958
0.003900
0.011394
0.001642
0.001780
0.011846
0.001627
0.007308
0.003235
0.003545
0.006272
0.002644
0.015282
0.002854
0.007232
0.005566
0.011432
0.001766
0.001667
0.006321
0.001605
0.001603
0.001623
0.008875
0.011733
0.001718
0.002120
0.010867
0.006696
0.026525
0.003955
0.009803
0.002693
0.001847
0.008021
0.001717
0.001792
0.008402
0.002717
0.001735
0.009261
0.001623
0.002593
0.006764
0.017764
0.014547
0.001805
0.012944
0.001681
0.001627
0.016620
0.006466
0.002090
0.005227
0.009711
0.002098
0.007494
0.006049
0.001821
0.055492
0.010895
0.009684
0.001718
0.009337
0.002018
0.001691
0.005904
0.004939
0.008653
0.014510
0.004900
0.002621
0.006445
0.007553
0.006117
0.001720
0.001689
0.001789
0.008366
0.001706
0.001814
0.011460
0.001727
0.001617
0.006742
0.001637
0.014103
0.001721
0.001761
0.001696
0.005636
0.007488
0.023953
0.001779
0.001647
0.001918
0.008555
0.001726
0.001655
0.006768
0.001672
0.002136
0.001687
0.007461
0.015395
0.006780
0.006969
0.001699
0.003728
0.012495
0.001866
0.010289
0.012667
0.004589
0.009941
0.001721
0.012705
0.001700
0.001693
0.007553
0.004721
0.003388
0.009333
0.004472
0.006243
0.001636
0.002246
0.001684
0.007148
0.001764
0.001672
0.008812
0.002892
0.009875
0.001702
0.001628
0.002063
0.008319
0.001643
0.001711
0.015888
0.007111
0.001668
0.001658
0.001667
0.009639
0.002368
0.001652
0.007410
0.001796
0.005092
0.006877
0.001729
0.001658
0.001809
0.009879
0.014030
0.001715
0.001593
0.006693
0.001710
0.001675
0.001693
0.009461
0.001698
0.011881
0.001695
0.004052
0.009013
0.004337
0.030870
0.006459
0.002465
0.002835
0.010788
0.002870
0.008287
0.001842
0.001652
0.001729
0.006839
0.001673
0.001709
0.001671
0.008237
0.006050
0.011174
0.005310
0.008120
0.001677
0.017427
0.012822
0.015000
0.001754
0.015017
0.011324
0.001674
0.057162
0.009139
0.008511
0.006559
0.006864
0.005432
0.005347
0.001690
0.004923
0.010147
0.003558
0.011720
0.002005
0.010403
0.002828
0.002943
0.006719
0.002507
0.002780
0.010630
0.001774
0.015892
0.001861
0.007905
0.002567
0.008282
0.005081
0.001706
0.011149
0.001591
0.023318
0.007778
0.011492
0.016326
0.001669
0.006391
0.001728
0.001670
0.014119
0.001736
0.012293
0.003240
0.010499
0.001693
0.001765
0.005920
0.001691
0.015013
0.001669
0.011452
0.006467
0.007321
0.001679
0.001671
0.001738
0.007139
0.003995
0.001606
0.007001
0.002254
0.002743
0.009221
0.001672
0.001692
0.010705
0.001825
0.001632
0.008939
0.001775
0.001669
0.006929
0.001582
0.005633
0.010854
0.001686
0.015966
0.006226
0.001725
0.004020
0.015341
0.001740
0.154062
0.011203
0.051241
0.007118
0.001736
0.007667
0.002503
0.003047
0.010365
0.003104
0.009007
0.004147
0.014717
0.001785
0.007850
0.001735
0.001659
0.008529
0.001889
0.003638
0.006681
0.006410
0.014455
0.014848
0.045485
0.006505
0.007885
0.001586
0.001799
0.010027
0.001711
0.010775
0.002881
0.018635
0.006819
0.003457
0.001613
0.007622
0.003022
0.001652
0.008211
0.002666
0.004648
0.006022
0.001667
0.002763
0.007439
0.001574
0.005127
0.009347
0.002553
0.001895
0.011771
0.009387
0.003773
0.001661
0.023668
0.010985
0.006589
0.001608
0.011905
0.002683
0.001834
0.015379
0.015077
0.005897
0.003528
0.002605
0.008858
0.012790
0.004789
0.001597
0.009645
0.002386
0.010040
0.003612
0.002802
0.009514
0.013192
0.001654
0.008024
0.001736
0.001635
0.001653
0.014747
0.007037
0.001744
0.003513
0.010197
0.003020
0.001666
0.007418
0.006078
0.012327
0.001818
0.006417
0.001758
0.005123
0.010801
0.017701
0.001706
0.006710
0.004528
0.013922
0.001597
0.012281
0.001731
0.006990
0.005931
0.001901
0.006534
0.003582
0.001585
0.009828
0.001690
0.001694
0.009031
0.002848
0.001843
0.006413
0.001721
0.001655
0.001706
0.023171
0.001629
0.014780
0.001765
0.001686
0.006427
0.001704
0.001642
0.009641
0.005484
0.001699
0.010521
0.001550
0.017136
0.006715
0.001822
0.001571
0.012651
0.003706
0.010140
0.001659
0.001715
0.009369
0.001642
0.015104
0.001701
0.008901
0.002691
0.001573
0.011865
0.001657
0.001776
0.061402
0.007299
0.009741
0.011012
0.004298
0.009515
0.013034
0.003637
0.001583
0.006187
0.001700
0.003419
0.012191
0.001575
0.007776
0.001703
0.004931
0.072261
0.050883
0.040969
0.019602
0.008542
0.009105
0.001783
0.012437
0.001774
0.012547
0.001711
0.011100
0.001690
0.001593
0.013017
0.001691
0.007700
0.003041
0.003386
0.062011
0.007901
0.002084
0.002888
0.002753
0.010098
0.003217
0.011048
0.001826
0.017471
0.007042
0.001725
0.012823
0.001711
0.001712
0.008684
0.003586
0.002847
0.006912
0.001701
0.001647
0.007691
0.001619
0.004832
0.006614
0.002546
0.001773
0.015999
0.007449
0.005506
0.001698
0.006522
0.002327
0.001664
0.008900
0.001715
0.016548
0.001762
0.011312
0.001715
0.001688
0.006105
0.004829
0.010621
0.001695
0.001743
0.009286
0.001836
0.001760
0.006726
0.001723
0.001611
0.002614
0.006888
0.001564
0.001689
0.001858
0.010687
0.002334
0.010298
0.001669
0.016418
0.001618
0.006894
0.001734
0.001678
0.008699
0.001661
0.001588
0.001806
0.005910
0.001606
0.003248
0.075613
0.006512
0.014846
0.005940
0.001626
0.004664
0.009998
0.014280
0.003991
0.010381
0.001755
0.003749
0.007320
0.002229
0.002859
0.015134
0.007057
0.004827
0.001659
0.006276
0.005709
0.009293
0.003419
0.001636
0.006914
0.001685
0.001579
0.008945
0.023745
0.009992
0.002919
0.010388
0.003132
0.009828
0.012816
0.005316
0.009959
0.001698
0.004897
0.006760
0.001690
0.003857
0.006574
0.001723
0.003482
0.014998
0.010578
0.002648
0.010277
0.001642
0.009818
0.001609
0.001741
0.010004
0.003457
0.004232
0.009406
0.002560
0.010242
0.001761
0.001618
0.006874
0.004821
0.018344
0.015589
0.006975
0.001696
0.001655
0.004977
0.001636
0.011672
0.003560
0.009827
0.001584
0.011195
0.003127
0.001726
0.006667
0.005394
0.001815
0.010094
0.002616
0.006965
0.002455
0.001697
0.008041
0.002845
0.001630
0.011640
0.001626
0.007885
0.001736
0.004455
0.005968
0.001876
0.001674
0.021880
0.012643
0.007064
0.001702
0.005957
0.008719
0.001653
0.001715
0.006340
0.004960
0.009607
0.007830
0.006738
0.001675
0.003407
0.010871
0.001817
0.006982
0.001596
0.004052
0.009802
0.006242
0.008187
0.005268
0.012089
0.001696
0.007531
0.002868
0.001612
0.067317
0.015045
0.010469
0.002692
0.006670
0.002155
0.002940
0.010124
0.013770
0.001719
0.001610
0.012925
0.001763
0.008851
0.001710
0.001642
0.008192
0.002959
0.002831
0.007298
0.001677
0.001609
0.001688
0.008014
0.001674
0.008288
0.002267
0.002869
0.015718
0.015454
0.017301
0.016549
0.007376
0.001631
0.001597
0.001720
0.009846
0.013351
0.001855
0.001593
0.012577
0.001716
0.007210
0.003578
0.015227
0.001623
0.007076
0.001703
0.004494
0.010687
0.002622
0.007422
0.004852
0.009057
0.001608
0.001740
0.014922
0.001703
0.012041
0.002661
0.010600
0.004585
0.008145
0.003433
0.009726
0.003569
0.003040
0.008049
0.003654
0.006711
0.001769
0.003199
0.008162
0.002244
0.002884
0.006837
0.001788
0.001585
0.017016
0.013207
0.007803
0.002370
0.002867
0.002797
0.007005
0.002333
0.011207
0.002515
0.002794
0.007696
0.005572
0.010593
0.002791
0.010080
0.003430
0.001679
0.007773
0.002914
0.019896
0.012094
0.001695
0.005899
0.001696
0.001610
0.012699
0.013428
0.001729
0.001610
0.009843
0.002527
0.002822
0.006006
0.006611
0.007533
0.001691
0.011194
0.003339
0.002770
0.010148
0.003449
0.008348
0.016303
0.003446
0.001925
0.011619
0.001813
0.057831
0.007006
0.011894
0.009812
0.004025
0.015114
0.001781
0.011043
0.003525
0.010489
0.001788
0.001751
0.008517
0.004669
0.007152
0.001705
0.001665
0.001746
0.007881
0.006649
0.010425
0.002771
0.011872
0.001791
0.010679
0.001812
0.001679
0.009957
0.013615
0.002430
0.006929
0.016446
0.015623
0.005857
0.011775
0.001625
0.001754
0.008785
0.021697
0.015565
0.006155
0.001713
0.001737
0.001738
0.014956
0.006699
0.002146
0.001719
0.001621
0.006677
0.001722
0.001692
0.001661
0.008855
0.002564
0.008494
0.001593
0.012814
0.001739
0.004611
0.005920
0.001739
0.004448
0.009239
0.001741
0.001678
0.010018
0.003491
0.014079
0.001732
0.006282
0.001669
0.001816
0.001639
0.008680
0.001802
0.001615
0.012603
0.001643
0.011903
0.012779
0.004680
0.009898
0.003041
0.010652
0.002610
0.001666
0.006490
0.001703
0.001631
0.001700
0.006786
0.007073
0.010717
0.002644
0.001631
0.008309
0.001769
0.001754
0.007059
0.001612
0.004665
0.020004
0.014023
0.007395
0.010104
0.004063
0.001580
0.010806
0.002625
0.001711
0.005922
0.004209
0.001729
0.011717
0.001717
0.007621
0.001607
0.004497
0.006760
0.002352
0.001551
0.008327
0.006027
0.001749
0.006853
0.010929
0.005740
0.001800
0.098179
0.008238
0.004669
0.001617
0.005715
0.007079
0.006517
0.002108
0.003295
0.010757
0.002703
0.007439
0.008894
0.006264
0.004502
0.011717
0.001809
0.001695
0.011986
0.001688
0.010745
0.001684
0.001799
0.006354
0.002147
0.001668
0.001636
0.007826
0.001726
0.012467
0.003236
0.019702
0.006869
0.005831
0.007045
0.005461
0.010624
0.001696
0.009259
0.005296
0.011178
0.003422
0.012588
0.001650
0.008599
0.001942
0.001635
0.001733
0.016036
0.008251
0.002932
0.019430
0.007979
0.002529
0.010648
0.002407
0.013776
0.002085
0.014759
0.011572
0.004587
0.008263
0.006253
0.008694
0.001680
0.001831
0.006413
0.004115
0.014713
0.010409
0.003066
0.002658
0.010767
0.001625
0.011207
0.001788
0.002144
0.007318
0.004337
0.013339
0.002119
0.029249
0.001748
0.005434
0.007870
0.010398
0.005147
0.006423
0.001704
0.001715
0.021398
0.009430
0.001699
0.007105
0.001673
0.001598
0.001820
0.010449
0.001679
0.009434
0.004204
0.001817
0.006913
0.007237
0.006881
0.004210
0.001803
0.007796
0.005249
0.007352
0.003461
0.001742
0.011136
0.003578
0.009977
0.012531
0.001683
0.012175
0.014788
0.048377
0.010814
0.010093
0.011445
0.002759
0.008757
0.001682
0.001752
0.011622
0.001740
0.015433
0.002572
0.006327
0.001736
0.001628
0.001667
0.014077
0.012820
0.001639
0.009073
0.003592
0.001675
0.007605
0.001700
0.001679
0.012532
0.003790
0.007755
0.001648
0.011549
0.002159
0.002672
0.022596
0.007619
0.009748
0.001747
0.001583
0.001757
0.007301
0.001688
0.001701
0.012437
0.001666
0.001735
0.006822
0.001695
0.001743
0.015144
0.001785
0.007985
0.002714
0.002948
0.006857
0.001693
0.001653
0.001762
0.010519
0.001647
0.001643
0.008948
0.010804
0.002530
0.002743
0.001697
0.009096
0.010892
0.001593
0.001669
0.013176
0.001683
0.001703
0.006423
0.001673
0.002763
0.011237
0.001720
0.012518
0.001752
0.001631
0.009265
0.001688
0.001812
0.008469
0.001735
0.001722
0.001752
0.006903
0.001718
0.001913
0.007632
0.003667
0.014138
0.001725
0.001681
0.011320
0.009855
0.001856
0.001707
0.003634
0.007009
0.002471
0.002858
0.007108
0.002458
0.010670
0.002349
0.002547
0.001620
0.009256
0.001715
0.019799
0.028116
0.007810
0.001768
0.001648
0.001683
0.007471
0.006508
0.010452
0.001728
0.016516
0.001735
0.024732
0.001703
0.001863
0.007068
0.001789
0.001631
0.001854
0.010086
0.001674
0.001622
0.013096
0.007480
0.005571
0.019169
0.061833
0.012650
0.001762
0.014022
0.001641
0.006897
0.004426
0.010064
0.001690
0.004468
0.011081
0.001666
0.014445
0.009526
0.001940
0.001598
0.010132
0.003474
0.001873
0.006065
0.001701
0.005144
0.007550
0.005539
0.007915
0.001513
0.001652
0.012205
0.005303
0.006777
0.001765
0.001715
0.001781
0.036495
0.006857
0.001554
0.007475
0.003375
0.003025
0.006924
0.001633
0.019177
0.001797
0.022054
0.001736
0.001877
0.011759
0.001811
0.002999
0.007309
0.006301
0.008249
0.001802
0.001727
0.001699
0.008812
0.001747
0.001870
0.006553
0.003682
0.010774
0.004113
0.001731
0.007901
0.005770
0.006809
0.003594
0.002552
0.010672
0.005315
0.011146
0.001668
0.012405
0.001833
0.004870
0.001721
0.012103
0.010352
0.005305
0.001695
0.006900
0.002089
0.001723
0.001743
0.012169
0.015367
0.009879
0.004018
0.002899
0.021859
0.001688
0.001583
0.003578
0.009108
0.004129
0.005827
0.006001
0.006896
0.025900
0.006708
0.001702
0.004536
0.007061
0.002484
0.002877
0.010820
0.001663
0.001856
0.009351
0.002483
0.001741
0.012352
0.001732
0.021058
0.001717
0.001700
0.001598
0.011658
0.001808
0.011411
0.002439
0.010878
0.003514
0.010182
0.001585
0.059635
0.008173
0.014030
0.001732
0.008343
0.001771
0.001749
0.009085
0.002528
0.001698
0.011869
0.001687
0.007954
0.001648
0.004102
0.010952
0.001708
0.010693
0.001736
0.015495
0.010616
0.001629
0.001615
0.008912
0.001697
0.001647
0.001692
0.015080
0.006547
0.003831
0.004024
0.008760
0.001706
0.001605
0.030920
0.008559
0.001715
0.001627
0.001686
0.006862
0.001668
0.001674
0.012831
0.002800
0.007466
0.004826
0.018890
0.007566
0.001789
0.016937
0.009568
0.002647
0.014027
0.001681
0.001801
0.006322
0.001709
0.003175
0.010144
0.001736
0.015512
0.001873
0.007119
0.001645
0.005337
0.005811
0.001718
0.001633
0.014020
0.015739
0.013257
0.001839
0.011561
0.014763
0.007247
0.006980
0.001783
0.002144
0.007519
0.003374
0.002834
0.006553
0.007021
0.001654
0.012384
0.007267
0.005651
0.001584
0.006568
0.003965
0.001551
0.008736
0.005521
0.010840
0.003906
0.006464
0.006632
0.001736
0.007959
0.018250
0.001784
0.006247
0.004425
0.001840
0.010905
0.001668
0.008113
0.003470
0.001731
0.015985
0.007832
0.005508
0.007499
0.001610
0.011541
0.004504
0.010408
0.001701
0.001624
0.013021
0.014702
0.001661
0.001761
0.009833
0.002738
0.007388
0.001744
0.050735
0.012491
0.001847
0.001758
0.008349
0.001671
0.002740
0.006125
0.001639
0.011443
0.001701
0.001709
0.009391
0.002808
0.002826
0.007009
0.003751
0.001741
0.007517
0.001806
0.003445
0.008274
0.001745
0.005646
0.006207
0.001691
0.003512
0.012460
0.008890
0.001715
0.005303
0.011287
0.001720
0.001643
0.009106
0.013368
0.027348
0.006823
0.001669
0.007106
0.003537
0.002868
0.007181
0.002435
0.001723
0.016149
0.010496
0.002829
0.014643
0.001783
0.008158
0.001760
0.001550
0.001696
0.006529
0.001692
0.001694
0.012716
0.001724
0.001730
0.006022
0.001841
0.001656
0.001695
0.006355
0.016323
0.001699
0.001638
0.009383
0.003712
0.001641
0.008189
0.002885
0.002822
0.007157
0.001774
0.003343
0.011876
0.013667
0.001669
0.001666
0.008256
0.001699
0.001652
0.008827
0.004679
0.001695
0.005809
0.001668
0.001659
0.002603
0.010989
0.001698
0.007023
0.001664
0.001620
0.001732
0.010960
0.001725
0.001725
0.006217
0.004973
0.013209
0.001704
0.009474
0.003133
0.002691
0.006259
0.001694
0.004461
0.006976
0.001631
0.001696
0.009886
0.001798
0.004398
0.017954
0.006846
0.001756
0.001679
0.008616
0.002505
0.003079
0.006666
0.001814
0.001678
0.016597
0.010220
0.001735
0.001579
0.009821
0.012659
0.001602
0.001673
0.001648
0.008316
0.006886
0.010782
0.001703
0.007322
0.001693
0.001693
0.007139
0.004951
0.001676
0.001833
0.005840
0.001787
0.041732
0.007445
0.002541
0.007982
0.002523
0.001901
0.014730
0.014984
0.007910
0.001615
0.005605
0.007067
0.003232
0.001768
0.008111
0.006606
0.010578
0.004830
0.009267
0.002581
0.011023
0.001802
0.001635
0.008537
0.001649
0.001755
0.010799
0.006115
0.005963
0.001491
0.001584
0.001542
0.010779
0.001738
0.011557
0.001673
0.016340
0.011332
0.002236
0.001667
0.006601
0.008392
0.006735
0.004415
0.001780
0.006541
0.006187
0.010665
0.001542
0.001621
0.013521
0.014821
0.001630
0.008015
0.001585
0.001704
0.006862
0.001694
0.001665
0.010075
0.005800
0.012718
0.002601
0.010482
0.004277
0.008885
0.003078
0.001728
0.011009
0.001647
0.012010
0.001740
0.013562
0.001718
0.010128
0.003730
0.012719
0.001644
0.005444
0.007528
0.001804
0.007747
0.006358
0.015314
0.006566
0.001598
0.003638
0.006111
0.001736
0.001604
0.012726
0.001731
0.002589
0.009117
0.002853
0.001653
0.006225
0.001635
0.005118
0.007593
0.001740
0.003879
0.009781
0.002840
0.035267
0.010358
0.027524
0.014972
0.013634
0.010337
0.008101
0.011075
0.001640
0.001634
0.001705
0.011511
0.001628
0.001814
0.006124
0.015015
0.001725
0.001693
0.001698
0.007315
0.006480
0.009646
0.048631
0.007294
0.010221
0.012010
0.001723
0.013174
0.015305
0.001663
0.001671
0.009174
0.006501
0.007100
0.001716
0.003040
0.007560
0.001884
0.001627
0.001680
0.006282
0.001689
0.001679
0.009155
0.001697
0.001653
0.001631
0.010355
0.002787
0.001901
0.011908
0.002993
0.006700
0.006677
0.014516
0.006531
0.001510
0.001675
0.025190
0.007128
0.008353
0.001704
0.012997
0.001720
0.005011
0.010038
0.001664
0.007242
0.001702
0.013253
0.005237
0.001720
0.009219
0.010498
0.005279
0.001673
0.011975
0.004006
0.009440
0.001618
0.015345
0.011427
0.002705
0.015047
0.001825
0.007564
0.001658
0.001658
0.007973
0.007713
0.011805
0.001699
0.007707
0.001997
0.002944
0.010736
0.001606
0.001656
0.007303
0.004643
0.001752
0.007948
0.004559
0.007967
0.001571
0.012249
0.003392
0.002852
0.010647
0.013469
0.001721
0.001645
0.009556
0.001667
0.009782
0.001625
0.002326
0.008077
0.004985
0.008687
0.001720
0.013419
0.001695
0.001888
0.001653
0.023720
0.007232
0.007175
0.001535
0.004320
0.007832
0.002782
0.002974
0.010209
0.003198
0.010690
0.002845
0.011015
0.001729
0.011590
0.001710
0.001699
0.007051
0.001800
0.001699
0.003026
0.005471
0.003895
0.002140
0.011604
0.001702
0.010873
0.001697
0.001550
0.009876
0.058557
0.010981
0.010612
0.005089
0.006021
0.001709
0.001671
0.010652
0.003722
0.001614
0.007747
0.001752
0.003738
0.010638
0.001705
0.011324
0.001795
0.007599
0.003174
0.002839
0.010511
0.002915
0.010409
0.001698
0.008602
0.001800
0.001688
0.008142
0.006002
0.019262
0.010023
0.003396
0.026890
0.002395
0.001866
0.007671
0.001737
0.001592
0.008887
0.005337
0.007888
0.005182
0.008595
0.005550
0.007418
0.001674
0.002538
0.012069
0.001555
0.010729
0.001713
0.010842
0.003683
0.001636
0.009578
0.001664
0.019564
0.009107
0.001753
0.011834
0.001713
0.016407
0.001790
0.008729
0.002694
0.001559
0.011927
0.001648
0.007314
0.003209
0.002969
0.006229
0.007194
0.012434
0.010242
0.001827
0.010688
0.001811
0.006816
0.006983
0.002562
0.001718
0.011444
0.001663
0.012563
0.001745
0.001653
0.009048
0.002134
0.010482
0.001836
0.001797
0.012245
0.002153
0.011044
0.001674
0.012242
0.001699
0.022145
0.008366
0.008919
0.004235
0.010619
0.002596
0.010180
0.001647
0.004154
0.006900
0.002321
0.001659
0.001717
0.009054
0.002324
0.010906
0.004748
0.008789
0.001726
0.001711
0.008619
0.001551
0.015709
0.013734
0.001727
0.001745
0.009789
0.077952
0.007413
0.010165
0.001812
0.001663
0.005210
0.005008
0.001731
0.009018
0.002561
0.001731
0.010508
0.001582
0.007251
0.007654
0.007470
0.005773
0.017756
0.006593
0.001764
0.001643
0.009534
0.003800
0.008001
0.001712
0.001602
0.001689
0.008136
0.003833
0.009247
0.001670
0.005308
0.027664
0.012661
0.001670
0.001627
0.009845
0.001707
0.001596
0.013074
0.001709
0.010924
0.001685
0.011874
0.001934
0.012163
0.001566
0.002357
0.008509
0.002605
0.001574
0.006953
0.001662
0.010866
0.001660
0.001660
0.001646
0.008383
0.002652
0.001661
0.016583
0.007585
0.001611
0.005671
0.009158
0.010387
0.005160
0.001862
0.007935
0.002512
0.001945
0.011461
0.002630
0.006780
0.001764
0.001785
0.002750
0.006166
0.001664
0.010543
0.002221
0.006381
0.009149
0.001613
0.010069
0.001740
0.004069
0.007258
0.001515
0.011894
0.001719
0.001621
0.010072
0.004987
0.007544
0.001746
0.001696
0.001689
0.009520
0.001739
0.001640
0.008646
0.002843
0.002974
0.007535
0.001694
0.001611
0.001649
0.029552
0.013771
0.001752
0.007748
0.001663
0.012816
0.001680
0.001649
0.180862
0.009730
0.004471
0.009278
0.001626
0.001644
0.017899
0.006870
0.001686
0.003446
0.014856
0.001613
0.007016
0.012359
0.001665
0.001657
0.014522
0.001860
0.016594
0.010584
0.003013
0.010248
0.005930
0.012215
0.001766
0.007563
0.006957
0.009986
0.001805
0.031040
0.011545
0.002866
0.008661
0.001783
0.008692
0.007735
0.012371
0.005219
0.007121
0.001719
0.016478
0.009943
0.005264
0.011434
0.001845
0.001715
0.008864
0.002337
0.001591
0.010048
0.001634
0.001664
0.010992
0.001762
0.006572
0.001843
0.003132
0.011694
0.001776
0.001719
0.011453
0.012272
0.001656
0.010579
0.001815
0.001582
0.010557
0.001759
0.001814
0.001665
0.010121
0.001699
0.001657
0.009001
0.001587
0.001720
0.009309
0.002762
0.010725
0.001686
0.002822
0.008053
0.002711
0.001660
0.011137
0.001642
0.001729
0.006048
0.002463
0.001628
0.012150
0.001910
0.001626
0.006011
0.005462
0.001677
0.007437
0.002567
0.002797
0.009902
0.001576
0.001790
0.029783
0.010579
0.002747
0.010056
0.003113
0.001710
0.011245
0.001763
0.007652
0.006019
0.010965
0.003249
0.014087
0.006532
0.001773
0.003834
0.009833
0.013226
0.001629
0.001728
0.010236
0.007683
0.006503
0.052407
0.012527
0.015090
0.008864
0.008477
0.001721
0.001897
0.012539
0.010306
0.001706
0.014371
0.003567
0.007662
0.001735
0.003740
0.014391
0.007426
0.002222
0.002808
0.006030
0.001537
0.001658
0.001767
0.011265
0.001662
0.015419
0.011374
0.002772
0.001731
0.016106
0.024893
0.011970
0.010333
0.015927
0.010393
0.001835
0.006421
0.004364
0.001618
0.011480
0.002566
0.014219
0.009506
0.004934
0.009803
0.001650
0.003357
0.005966
0.001609
0.001696
0.007040
0.001706
0.004761
0.008030
0.001744
0.001752
0.013905
0.001753
0.011210
0.003550
0.010303
0.014213
0.001850
0.016933
0.002673
0.006750
0.001874
0.001646
0.012266
0.001720
0.011635
0.001669
0.001651
0.007150
0.004872
0.010210
0.001731
0.012636
0.001716
0.004645
0.006449
0.001671
0.001786
0.011645
0.012286
0.002234
0.002817
0.010664
0.001676
0.001641
0.007205
0.004401
0.001641
0.007973
0.002632
0.010101
0.001728
0.022391
0.012995
0.008929
0.001625
0.001685
0.001831
0.006050
0.001639
0.001607
0.001670
0.008114
0.002520
0.001712
0.011454
0.001697
0.001920
0.006276
0.002041
0.001649
0.001876
0.006156
0.001651
0.001709
0.011986
0.001557
0.001664
0.016462
0.007843
0.002641
0.010065
0.001609
0.001542
0.060903
0.010607
0.011391
0.006916
0.002555
0.001643
0.011531
0.003252
0.010662
0.001756
0.008542
0.005844
0.010763
0.001695
0.011483
0.001770
0.001679
0.008849
0.001731
0.002757
0.007831
0.003431
0.015003
0.002654
0.010851
0.014491
0.003077
0.001687
0.008122
0.002609
0.001657
0.007722
0.002584
0.019280
0.014595
0.008402
0.001666
0.002557
0.009983
0.002835
0.001603
0.007248
0.006943
0.015292
0.010854
0.018443
0.011127
0.002668
0.001696
0.008033
0.012853
0.001702
0.001670
0.001625
0.006570
0.006693
0.008275
0.001725
0.001629
0.001879
0.009909
0.001713
0.001888
0.006619
0.001762
0.001616
0.010938
0.003360
0.009471
0.003271
0.003425
0.005995
0.002671
0.001531
0.010088
0.004662
0.008459
0.001761
0.001616
0.004204
0.005203
0.014198
0.003177
0.009602
0.001713
0.001572
0.002014
0.006863
0.002567
0.014529
0.001726
0.010149
0.004695
0.010211
0.003383
0.007509
0.017247
0.003128
0.001797
0.007923
0.002413
0.021884
0.007597
0.001760
0.015792
0.009698
0.004887
0.012729
0.001816
0.007722
0.016431
0.001733
0.001649
0.015390
0.007285
0.001650
0.003185
0.010666
0.004497
0.017328
0.010672
0.052422
0.008050
0.001753
0.011605
0.001668
0.016974
0.001761
0.007515
0.001690
0.001634
0.001630
0.009905
0.002200
0.009892
0.003431
0.001592
0.008517
0.002234
0.008501
0.001732
0.004780
0.006649
0.003636
0.002982
0.010784
0.001825
0.007086
0.006636
0.001740
0.006348
0.004799
0.001776
0.006498
0.003891
0.014195
0.001669
0.006836
0.001641
0.020946
0.007144
0.002459
0.001778
0.011931
0.002587
0.001746
0.008226
0.004029
0.008948
0.006400
0.006933
0.002673
0.002790
0.006690
0.006652
0.013259
0.001731
0.006325
0.002362
0.004454
0.005723
0.001794
0.001993
0.010422
0.001689
0.001671
0.001629
0.007281
0.001760
0.001588
0.008552
0.001787
0.002893
0.009576
0.004602
0.006486
0.007030
0.007056
0.001954
0.001723
0.001619
0.016551
0.007241
0.006115
0.011511
0.001699
0.006731
0.003269
0.002837
0.007727
0.001893
0.003030
0.001754
0.007992
0.002627
0.014669
0.001712
0.008165
0.001651
0.001574
0.008784
0.001829
0.011358
0.001768
0.001730
0.002767
0.008253
0.001738
0.001756
0.009061
0.001693
0.010080
0.007576
0.006459
0.024930
0.007387
0.003627
0.006704
0.001611
0.003517
0.010210
0.003234
0.014698
0.001630
0.006107
0.001720
0.012845
0.001589
0.001653
0.010442
0.001733
0.014322
0.001672
0.001639
0.009738
0.017714
0.001663
0.011301
0.001741
0.045138
0.011009
0.014086
0.009247
0.016695
0.006869
0.001625
0.003212
0.010964
0.013657
0.002823
0.011563
0.002730
0.001987
0.010267
0.004130
0.006386
0.001683
0.011244
0.003428
0.002743
0.006647
0.001758
0.004025
