0.007109
0.009455
0.010075
0.010379
0.001745
0.001896
0.008741
0.009691
0.008377
0.007914
0.008619
0.001675
0.001775
0.008204
0.007444
0.007438
0.007382
0.018500
0.007530
0.007883
0.007934
0.010439
0.007222
0.010786
0.007159
0.006374
0.006912
0.007808
0.007336
0.007721
0.007679
0.006361
0.001760
0.001719
0.007578
0.007517
0.007223
0.006378
0.007224
0.007265
0.007449
0.007261
0.007307
0.007352
0.007309
0.007077
0.007406
0.007189
0.006894
0.006891
0.006537
0.008091
0.007770
0.007143
0.007251
0.001724
0.001792
0.001996
0.008387
0.007321
0.006955
0.015050
0.007705
0.007132
0.007400
0.007666
0.007363
0.006296
0.006891
0.007069
0.007671
0.006983
0.008640
0.007047
0.007194
0.007747
0.007178
0.007127
0.006887
0.007463
0.007103
0.007700
0.007266
0.007056
0.006916
0.006899
0.007080
0.007086
0.007425
0.007295
0.008075
0.006922
0.006977
0.007377
0.007226
0.007335
0.007806
0.017642
0.007350
0.009279
0.006909
0.001654
0.006706
0.007367
0.007401
0.007377
0.007468
0.018139
0.007289
0.007302
0.007047
0.007308
0.007455
0.012702
0.007091
0.007230
0.007515
0.007191
0.007386
0.008340
0.007656
0.008155
0.007046
0.007412
0.007103
0.007917
0.007490
0.007252
0.006990
0.008218
0.007123
0.007063
0.007517
0.006795
0.007207
0.007400
0.007538
0.006879
0.001864
0.010242
0.008045
0.007095
0.007129
0.008111
0.009040
0.006894
0.007030
0.007259
0.006981
0.006454
0.007489
0.007201
0.008106
0.008178
0.007565
0.007257
0.007251
0.007273
0.013516
0.006583
0.025185
0.007851
0.006662
0.007814
0.007620
0.007151
0.006812
0.007116
0.006966
0.007750
0.007289
0.007224
0.007244
0.006798
0.008114
0.006810
0.045203
0.007834
0.009597
0.007842
0.008028
0.008373
0.001771
0.001750
0.007757
0.007154
0.007367
0.007021
0.014462
0.007680
0.006948
0.006820
0.007111
0.006963
0.006564
0.006990
0.007078
0.007129
0.006684
0.017306
0.008064
0.006977
0.008422
0.007346
0.007654
0.007020
0.007206
0.007617
0.007648
0.007988
0.007622
0.007562
0.007483
0.006352
0.007604
0.007661
0.007244
0.007098
0.006895
0.006430
0.006628
0.007187
0.008151
0.008680
0.007177
0.007600
0.001713
0.007161
0.007004
0.007210
0.007170
0.007127
0.007417
0.007326
0.007246
0.006996
0.007214
0.007226
0.007407
0.011401
0.007193
0.008473
0.007418
0.007211
0.007208
0.007396
0.007406
0.007026
0.007336
0.007345
0.007442
0.007487
0.007636
0.007981
0.006603
0.006921
0.006976
0.007858
0.007664
0.007506
0.007448
0.007141
0.011488
0.007467
0.007641
0.015956
0.006933
0.007489
0.006801
0.001750
0.007026
0.007266
0.006900
0.006380
0.007733
0.042148
0.008054
0.007221
0.007212
0.007077
0.007390
0.007492
0.007199
0.007322
0.006835
0.010364
0.006616
0.028646
0.007354
0.006465
0.001788
0.001801
0.007628
0.006847
0.007228
0.006549
0.007186
0.007656
0.008066
0.007792
0.006959
0.007232
0.006969
0.008952
0.007082
0.007062
0.008430
0.007597
0.006959
0.007168
0.007224
0.007456
0.017689
0.007056
0.007626
0.008130
0.006932
0.006973
0.007347
0.007458
0.007296
0.007223
0.007166
0.007316
0.008141
0.007211
0.007349
0.008756
0.007428
0.007669
0.007717
0.007217
0.007352
0.007316
0.007106
0.007661
0.008280
0.007145
0.007121
0.007012
0.007239
0.006995
0.007924
0.006937
0.007015
0.006985
0.007268
0.007336
0.012893
0.008082
0.007343
0.006818
0.006458
0.007066
0.007215
0.006924
0.006888
0.007192
0.009038
0.007616
0.007704
0.007202
0.006997
0.006752
0.007447
0.007497
0.006431
0.007855
0.007628
0.011424
0.007633
0.007317
0.007299
0.009047
0.007456
0.007319
0.009340
0.007262
0.007469
0.007206
0.007392
0.007542
0.007226
0.010339
0.007389
0.007097
0.007836
0.007695
0.007500
0.007101
0.007055
0.007396
0.007093
0.007223
0.008757
0.007329
0.007262
0.006525
0.001670
0.041771
0.007489
0.006861
0.058660
0.008921
0.007301
0.007915
0.007735
0.007946
0.007702
0.007636
0.007238
0.007713
0.006526
0.011753
0.007751
0.007324
0.007366
0.008917
0.006558
0.006518
0.006269
0.006809
0.007020
0.007724
0.006730
0.007008
0.006749
0.007590
0.007028
0.007377
0.007100
0.006865
0.007429
0.007902
0.007384
0.006648
0.006600
0.006879
0.006799
0.007420
0.006515
0.008225
0.007165
0.007608
0.006951
0.007082
0.037147
0.008121
0.007636
0.006406
0.007312
0.006856
0.007191
0.007286
0.007128
0.007577
0.007818
0.011774
0.007974
0.007925
0.007652
0.004165
0.007875
0.001874
0.007581
0.007162
0.006398
0.006819
0.007033
0.007154
0.006539
0.007725
0.007323
0.007454
0.006905
0.007890
0.007635
0.007271
0.006829
0.007217
0.007639
0.006849
0.008454
0.007553
0.007092
0.007116
0.006823
0.007788
0.007432
0.007627
0.007409
0.007168
0.007644
0.007654
0.006722
0.006502
0.007935
0.008009
0.008370
0.006967
0.006814
0.006800
0.007939
0.007720
0.007735
0.007393
0.007564
0.001729
0.007453
0.006866
0.006390
0.007049
0.006712
0.008345
0.007105
0.006798
0.006607
0.007012
0.007002
0.006920
0.006731
0.007332
0.007273
0.006605
0.007387
0.007456
0.010377
0.007543
0.006717
0.006690
0.007524
0.006659
0.008175
0.061491
0.008095
0.007503
0.007057
0.007400
0.007082
0.008506
0.007441
0.006857
0.008854
0.007006
0.011798
0.015469
0.007288
0.007181
0.001705
0.001804
0.001824
0.001817
0.006941
0.006611
0.007633
0.007276
0.007701
0.007505
0.007028
0.008292
0.007197
0.007644
0.007188
0.007374
0.006835
0.007386
0.007891
0.009627
0.014654
0.009500
0.001759
0.006444
0.007303
0.006802
0.007183
0.007329
0.013371
0.007720
0.007581
0.007012
0.007127
0.006417
0.007346
0.007428
0.007320
0.007341
0.007497
0.007285
0.012594
0.007664
0.006802
0.008826
0.007105
0.007122
0.007503
0.007076
0.007272
0.007185
0.007100
0.007373
0.008226
0.007103
0.043363
0.007351
0.007063
0.007353
0.007074
0.001853
0.007240
0.007100
0.006751
0.007731
0.008206
0.001672
0.007355
0.007311
0.006958
0.007237
0.007956
0.007768
0.007330
0.007941
0.008818
0.007806
0.007457
0.007442
0.007546
0.007300
0.007163
0.006931
0.007250
0.019715
0.007882
0.006789
0.008054
0.007307
0.007005
0.007080
0.007360
0.006793
0.007192
0.007104
0.007700
0.007595
0.006936
0.007293
0.006711
0.007521
0.006976
0.007065
0.007385
0.007616
0.006827
0.007283
0.007482
0.006947
0.007277
0.007796
0.001684
0.007400
0.007219
0.006930
0.007231
0.007879
0.055239
0.007711
0.006969
0.007375
0.006316
0.007044
0.007135
0.007722
0.007113
0.007028
0.007125
0.007513
0.007399
0.011590
0.007706
0.007213
0.001910
0.014781
0.006802
0.007153
0.007685
0.007028
0.007216
0.007140
0.007162
0.007471
0.007230
0.007241
0.006954
0.007178
0.007139
0.007566
0.007176
0.006380
0.006927
0.007295
0.008725
0.007729
0.008733
0.007267
0.001663
0.007373
0.007139
0.006834
0.006999
0.007141
0.065907
0.007926
0.008058
0.006980
0.007289
0.007540
0.006409
0.006606
0.007183
0.006544
0.007704
0.008830
0.019479
0.007484
0.001651
0.001702
0.007328
0.007255
0.007228
0.007565
0.010853
0.006977
0.007270
0.007171
0.007004
0.006927
0.006964
0.007060
0.007226
0.007310
0.007051
0.007154
0.006900
0.006852
0.015133
0.007150
0.002919
0.006876
0.007280
0.006871
0.007134
0.007330
0.007182
0.039700
0.008111
0.006670
0.007330
0.006837
0.006947
0.006968
0.007121
0.007156
0.008201
0.007649
0.008823
0.007640
0.009284
0.006918
0.007339
0.007621
0.007351
0.007620
0.007758
0.007562
0.007108
0.008224
0.007104
0.007315
0.007778
0.007290
0.006879
0.006761
0.008556
0.007428
0.007382
0.007362
0.007481
0.007714
0.007204
0.007399
0.006861
0.001723
0.006600
0.006675
0.006545
0.006616
0.006699
0.023572
0.007108
0.007886
0.007336
0.007009
0.006458
0.007080
0.007170
0.006658
0.007130
0.007164
0.006888
0.008046
0.010010
0.007901
0.004647
0.007559
0.007455
0.007301
0.006787
0.007156
0.007140
0.007091
0.007264
0.006584
0.006980
0.006822
0.006947
0.007217
0.007042
0.006751
0.006846
0.007460
0.016866
0.007293
0.008131
0.007341
0.007039
0.007235
0.001795
0.006945
0.007381
0.007432
0.007122
0.007544
0.012908
0.007620
0.007296
0.007293
0.007085
0.007428
0.006728
0.007182
0.007122
0.006581
0.007461
0.007109
0.007547
0.006860
0.011191
0.009405
0.001839
0.007152
0.007026
0.007129
0.008868
0.007826
0.007210
0.007370
0.007552
0.007304
0.007386
0.006853
0.007199
0.007034
0.007143
0.007644
0.007836
0.007515
0.006879
0.007005
0.006893
0.019556
0.007320
0.001685
0.006595
0.001806
0.001683
0.001915
0.007526
0.007567
0.007959
0.007952
0.007717
0.007981
0.007482
0.007442
0.007334
0.006878
0.007639
0.007310
0.007365
0.008186
0.007321
0.020552
0.007403
0.001927
0.001793
0.007141
0.007246
0.007371
0.007547
0.007035
0.007150
0.007370
0.006971
0.006986
0.007129
0.006665
0.007201
0.006994
0.006947
0.007164
0.007388
0.007028
0.007358
0.006671
0.006563
0.008741
0.007584
0.006244
0.001827
0.007056
0.007089
0.007355
0.007011
0.016776
0.007447
0.006437
0.006697
0.007393
0.007085
0.007248
0.006927
0.007226
0.008732
0.007461
0.006977
0.014881
0.006631
0.007399
0.007543
0.007384
0.006420
0.007134
0.007449
0.007375
0.007192
0.007495
0.006653
0.007294
0.006848
0.007349
0.007513
0.007201
0.007539
0.007715
0.007959
0.007542
0.007186
0.006650
0.007292
0.009138
0.001805
0.007191
0.007127
0.007811
0.006942
0.007499
0.008227
0.007282
0.007189
0.007106
0.007172
0.007150
0.007334
0.007971
0.007091
0.006331
0.007095
0.006896
0.008708
0.006777
0.007548
0.003983
0.006459
0.006896
0.006889
0.006998
0.007168
0.007237
0.006983
0.007047
0.006723
0.006881
0.007169
0.007109
0.007330
0.007241
0.007239
0.006890
0.007307
0.007463
0.007043
0.006983
0.007197
0.006637
0.008424
0.007858
0.007546
0.007840
0.007545
0.006892
0.006552
0.007114
0.029980
0.007799
0.007342
0.006758
0.007400
0.007358
0.006969
0.006432
0.007779
0.007588
0.006444
0.007510
0.007319
0.009145
0.008085
0.006995
0.007264
0.006555
0.011805
0.007685
0.007428
0.007414
0.007409
0.007395
0.008209
0.007246
0.007447
0.007711
0.007276
0.007537
0.007540
0.007465
0.007730
0.007581
0.007599
0.007491
0.007242
0.008503
0.007353
0.007136
0.007104
0.006979
0.006983
0.007244
0.007453
0.006962
0.008429
0.007617
0.007370
0.008003
0.007726
0.007382
0.006920
0.007116
0.007239
0.008043
0.007614
0.008402
0.007325
0.009025
0.007375
0.001716
0.007396
0.007408
0.007732
0.007378
0.007537
0.007116
0.007999
0.007140
0.007525
0.007292
0.006620
0.007626
0.011974
0.007245
0.007566
0.008761
0.007398
0.007038
0.007280
0.007642
0.007337
0.007596
0.007503
0.007114
0.007712
0.007622
0.008381
0.007798
0.007681
0.008026
0.007421
0.007298
0.008086
0.007507
0.007554
0.007239
0.007320
0.007749
0.007228
0.007395
0.007733
0.007255
0.007305
0.007505
0.007347
0.007736
0.007589
0.007837
0.007372
0.007674
0.007402
0.012520
0.008385
0.007864
0.008027
0.007655
0.007299
0.007109
0.006903
0.007190
0.007187
0.006886
0.006532
0.006860
0.007954
0.008005
0.009147
0.007509
0.001666
0.001717
0.007332
0.006941
0.007146
0.006984
0.019136
0.007470
0.007253
0.007012
0.007300
0.007152
0.007221
0.007330
0.007312
0.007608
0.006985
0.007697
0.007189
0.007369
0.006933
0.013566
0.007133
0.007068
0.009039
0.007078
0.007291
0.006935
0.006987
0.007404
0.007362
0.007691
0.007337
0.008234
0.007575
0.007174
0.007072
0.007707
0.007599
0.007760
0.007306
0.006876
0.007408
0.007451
0.007724
0.001708
0.006934
0.007236
0.007066
0.006964
0.007449
0.018995
0.007233
0.007010
0.007035
0.007352
0.007178
0.007440
0.007087
0.006952
0.006678
0.007217
0.007481
0.007302
0.007885
0.007871
0.014936
0.007466
0.007524
0.007208
0.007280
0.006981
0.007403
0.007165
0.007217
0.007143
0.007033
0.012883
0.007450
0.007446
0.006700
0.006919
0.007331
0.007307
0.018069
0.037418
0.013378
0.006901
0.007332
0.007605
0.018456
0.007780
0.007567
0.007532
0.007015
0.007797
0.007451
0.007410
0.007678
0.006773
0.007116
0.009121
0.007574
0.007150
0.006807
0.007461
0.007234
0.007296
0.007283
0.007149
0.007458
0.007108
0.007349
0.007153
0.007244
0.007720
0.007610
0.007278
0.006387
0.007182
0.007064
0.007388
0.007404
0.007434
0.007398
0.007129
0.007112
0.006958
0.013025
0.008869
0.009217
0.001826
0.010199
0.007727
0.006804
0.007651
0.007247
0.008492
0.007095
0.007118
0.007683
0.007734
0.007502
0.008060
0.007125
0.006711
0.009096
0.007419
0.007075
0.019817
0.003225
0.007319
0.007250
0.007411
0.007200
0.007195
0.006720
0.006937
0.008076
0.014242
0.007342
0.007006
0.007280
0.006992
0.006960
0.007534
0.007232
0.007388
0.007328
0.007170
0.008668
0.007588
0.006607
0.007462
0.001714
0.001636
0.007197
0.007298
0.008947
0.007456
0.060003
0.007416
0.007085
0.007040
0.039250
0.007652
0.007256
0.007795
0.007366
0.006814
0.008711
0.007557
0.007103
0.007362
0.001929
0.001762
0.001748
0.007262
0.006412
0.006916
0.006734
0.007693
0.054596
0.044787
0.022258
0.018034
0.007249
0.007689
0.007288
0.007462
0.018797
0.006959
0.007745
0.007741
0.007403
0.007303
0.007214
0.007562
0.007633
0.006561
0.007973
0.006871
0.007134
0.008774
0.006567
0.011201
0.007541
0.006536
0.006819
0.007447
0.007391
0.007031
0.007416
0.007304
0.006957
0.007380
0.006876
0.007679
0.007621
0.007818
0.007340
0.007059
0.007161
0.007509
0.007180
0.007801
0.007209
0.007075
0.007613
0.001711
0.007934
0.007382
0.007143
0.006751
0.007210
0.009071
0.007518
0.007537
0.021456
0.007327
0.006948
0.007466
0.007288
0.007171
0.007546
0.007563
0.008290
0.007458
0.007456
0.006777
0.007238
0.007143
0.007148
0.006791
0.007239
0.006435
0.007421
0.007280
0.006819
0.007380
0.007516
0.006803
0.007685
0.006909
0.007446
0.007958
0.008037
0.007349
0.006998
0.007341
0.007892
0.007218
0.010596
0.001739
0.007087
0.007085
0.008035
0.006943
0.007239
0.061369
0.008343
0.007857
0.007862
0.007370
0.006722
0.006572
0.007280
0.012166
0.007491
0.007698
0.007021
0.007405
0.007519
0.007236
0.007274
0.007331
0.007444
0.007217
0.007289
0.007393
0.007638
0.006977
0.007659
0.007184
0.007497
0.006426
0.006694
0.007782
0.007634
0.007912
0.007003
0.006581
0.009896
0.006923
0.007267
0.007125
0.007151
0.007315
0.007260
0.015344
0.008126
0.006823
0.007354
0.159300
0.008852
0.001856
0.001845
0.007207
0.007852
0.007346
0.010297
0.007120
0.007891
0.007090
0.008037
0.006644
0.007579
0.006983
0.006626
0.007227
0.007003
0.007099
0.007479
0.007859
0.008363
0.007211
0.008036
0.007348
0.006650
0.007196
0.006856
0.007724
0.007238
0.007484
0.007837
0.067235
0.008173
0.007568
0.007461
0.007858
0.006745
0.007688
0.007439
0.007148
0.006433
0.007376
0.007481
0.007263
0.007355
0.017612
0.007283
0.007669
0.008103
0.007596
0.007220
0.007265
0.007513
0.007553
0.007361
0.007290
0.007296
0.007121
0.007080
0.006973
0.006571
0.007454
0.007653
0.007700
0.007560
0.009025
0.007092
0.007070
0.007351
0.019733
0.007369
0.007671
0.006598
0.007227
0.007340
0.007278
0.019205
0.007407
0.007376
0.007411
0.007679
0.007236
0.007213
0.007168
0.006578
0.007450
0.006829
0.007118
0.007514
0.002526
0.007306
0.006908
0.007581
0.007373
0.007125
0.007111
0.007223
0.007164
0.007472
0.007049
0.007239
0.007694
0.011484
0.007189
0.007233
0.007296
0.006550
0.008524
0.007469
0.006990
0.008406
0.007572
0.007056
0.007454
0.007097
0.007634
0.007001
0.007211
0.007294
0.007265
0.007059
0.007478
0.007016
0.007359
0.007065
0.007159
0.007477
0.007114
0.007611
0.007417
0.007188
0.008102
0.007239
0.007448
0.008212
0.007422
0.029961
0.010932
0.007766
0.008479
0.007518
0.006703
0.007369
0.008054
0.007448
0.007048
0.007196
0.007386
0.007446
0.007706
0.007802
0.006953
0.006905
0.008045
0.007504
0.007328
0.007672
0.007489
0.007405
0.009168
0.008088
0.007360
0.007457
0.029930
0.007250
0.006806
0.007259
0.007277
0.007895
0.007521
0.006812
0.002630
0.007629
0.006760
0.007604
0.007543
0.007374
0.007295
0.007679
0.007352
0.007509
0.007324
0.007430
0.006929
0.007348
0.007231
0.007122
0.007293
0.007334
0.007879
0.007593
0.006617
0.007152
0.007351
0.007216
0.007281
0.007305
0.007513
0.007350
0.007387
0.007126
0.007002
0.008257
0.007434
0.007634
0.007915
0.007127
0.007362
0.006695
0.007295
0.007172
0.007213
0.007410
0.006923
0.007215
0.007717
0.008467
0.007875
0.006940
0.011085
0.008758
0.007283
0.007090
0.007033
0.007317
0.007228
0.006779
0.007293
0.007370
0.007465
0.007028
0.007178
0.007724
0.007614
0.007114
0.006447
0.007245
0.007621
0.007351
0.007929
0.018168
0.007295
0.007256
0.007457
0.007123
0.007294
0.007405
0.016959
0.007344
0.006887
0.007388
0.006516
0.007531
0.007559
0.007720
0.007819
0.007511
0.007475
0.007108
0.014704
0.007533
0.007280
0.012660
0.006564
0.007468
0.006983
0.006957
0.007379
0.008024
0.007508
0.006708
0.006890
0.007471
0.007203
0.007654
0.007094
0.006767
0.007444
0.007481
0.008392
0.007502
0.007208
0.007792
0.006451
0.006561
0.006874
0.007859
0.007373
0.006985
0.019308
0.007761
0.007598
0.007528
0.007018
0.007552
0.007379
0.006978
0.008991
0.007511
0.007367
0.007317
0.007154
0.007208
0.007393
0.007422
0.007396
0.007049
0.007565
0.007518
0.007002
0.007406
0.007395
0.007540
0.007420
0.007117
0.007527
0.006966
0.007508
0.007391
0.007415
0.007359
0.006858
0.007292
0.007009
0.007337
0.007401
0.008017
0.007079
0.007185
0.007467
0.007269
0.007876
0.007172
0.008084
0.007041
0.007279
0.007604
0.007027
0.007240
0.007172
0.007381
0.007337
0.007486
0.007303
0.007252
0.007446
0.007024
0.007465
0.022848
0.007395
0.007958
0.007243
0.007319
0.007432
0.006947
0.007802
0.007953
0.007034
0.006864
0.007194
0.007244
0.007606
0.007344
0.065198
0.007930
0.007365
0.007066
0.007672
0.007072
0.006618
0.007224
0.078118
0.008339
0.007793
0.009489
0.007877
0.007540
0.007706
0.007665
0.007830
0.006911
0.007724
0.007706
0.008135
0.007345
0.007288
0.008099
0.006724
0.007230
0.007703
0.007282
0.048733
0.002166
0.009166
0.009456
0.002036
0.010465
0.001872
0.001914
0.001892
0.009826
0.001970
0.011693
0.007297
0.001868
0.002128
0.001946
0.004116
0.008163
0.007753
0.007606
0.006804
0.006536
0.007203
0.006699
0.007615
0.007515
0.007445
0.007577
0.007095
0.006820
0.007265
0.008099
0.007609
0.007338
0.006951
0.007171
0.007681
0.007170
0.055004
0.007730
0.007741
0.007960
0.007067
0.007260
0.007182
0.007441
0.007086
0.007220
0.007248
0.006713
0.008513
0.008573
0.007286
0.007537
0.006733
0.011838
0.008394
0.007408
0.006681
0.007185
0.006508
0.007502
0.008222
0.008058
0.006874
0.006957
0.007142
0.006771
0.007193
0.007084
0.007728
0.014627
0.006821
0.007412
0.008167
0.007644
0.007494
0.007854
0.007647
0.006627
0.006735
0.006612
0.006599
0.006570
0.007214
0.007116
0.007176
0.006915
0.006492
0.007604
0.006766
0.007235
0.006546
0.007291
0.007613
0.008144
0.007521
0.026404
0.007581
0.007726
0.006917
0.007027
0.007111
0.007104
0.007291
0.007040
0.007077
0.007404
0.008196
0.008367
0.007480
0.006675
0.007349
0.006342
0.007201
0.007065
0.007038
0.006173
0.006574
0.007076
0.006963
0.007397
0.008149
0.007902
0.006933
0.044233
0.007608
0.006933
0.007149
0.008824
0.006745
0.006976
0.006937
0.006481
0.007349
0.007813
0.006763
0.007466
0.006831
0.007517
0.006276
0.007359
0.007246
0.006771
0.006791
0.006878
0.007231
0.010958
0.007331
0.007325
0.007170
0.006885
0.007513
0.008022
0.007093
0.008188
0.007578
0.008033
0.007547
0.009381
0.006873
0.007375
0.007350
0.007201
0.008122
0.008022
0.007195
0.053242
0.008152
0.007003
0.015159
0.007192
0.010630
0.007272
0.023127
0.008244
0.007642
0.008009
0.007805
0.007941
0.007612
0.008213
0.008160
0.008102
0.007483
0.006839
0.007276
0.007398
0.007199
0.006700
0.007405
0.007944
0.007308
0.007330
0.006963
0.007745
0.006868
0.006404
0.007816
0.007620
0.007116
0.006713
0.006885
0.007283
0.007124
0.017985
0.013068
0.006987
0.007323
0.006952
0.007405
0.007123
0.006557
0.007089
0.007409
0.007720
0.006975
0.006779
0.007886
0.007251
0.006804
0.007617
0.007415
0.007268
0.007699
0.007114
0.007568
0.007263
0.007197
0.007410
0.006990
0.007182
0.006852
0.006898
0.007377
0.007431
0.006215
0.006674
0.007199
0.010984
0.007457
0.007163
0.007279
0.007218
0.007822
0.006734
0.007320
0.007420
0.007168
0.007087
0.007226
0.007068
0.007165
0.007269
0.056568
0.007466
0.007391
0.007065
0.006944
0.006835
0.007503
0.007105
0.007150
0.006747
0.007564
0.007500
0.007594
0.007717
0.007596
0.008096
0.007478
0.007107
0.007192
0.007559
0.007352
0.008045
0.006560
0.010740
0.006811
0.006687
0.007390
0.007203
0.006375
0.007202
0.007528
0.007272
0.007045
0.007685
0.007366
0.006379
0.007523
0.007458
0.010585
0.007267
0.007028
0.006897
0.007091
0.007268
0.012621
0.007458
0.007322
0.006438
0.006825
0.007295
0.007545
0.007281
0.007843
0.007373
0.007792
0.007184
0.007574
0.006690
0.007039
0.007345
0.007045
0.006984
0.007094
0.006983
0.006812
0.006795
0.017682
0.007269
0.007324
0.007088
0.007022
0.007384
0.007090
0.007499
0.007003
0.006515
0.007544
0.006685
0.006818
0.007253
0.007310
0.006539
0.007032
0.006836
0.007505
0.007534
0.007258
0.007783
0.007664
0.007348
0.015058
0.007458
0.007314
0.006951
0.007134
0.007099
0.006863
0.007806
0.007567
0.007822
0.022385
0.007334
0.007592
0.007146
0.026941
0.001899
0.001948
0.037801
0.007447
0.007734
0.007706
0.006794
0.007684
0.007958
0.008173
0.007467
0.007596
0.007287
0.007621
0.007090
0.010816
0.007891
0.008311
0.007691
0.007635
0.007049
0.007693
0.007562
0.017656
0.007997
0.008340
0.007666
0.007890
0.007594
0.006954
0.007866
0.008006
0.007875
0.007569
0.007590
0.007253
0.007248
0.007932
0.007234
0.007453
0.007506
0.007685
0.007222
0.007375
0.007475
0.007608
0.007064
0.007407
0.007277
0.007290
0.007672
0.017369
0.007155
0.007527
0.007878
0.008148
0.007155
0.007167
0.007643
0.009681
0.007148
0.006797
0.007223
0.007435
0.007733
0.007925
0.007193
0.007800
0.008716
0.007191
0.007083
0.007190
0.007461
0.007413
0.008819
0.007431
0.007235
0.007368
0.006699
0.008451
0.007936
0.006574
0.007585
0.007992
0.007488
0.007136
0.007940
0.007505
0.007191
0.007613
0.007455
0.007129
0.007720
0.007144
0.007525
0.007501
0.007837
0.017343
0.007341
0.007081
0.006907
0.007458
0.006803
0.008062
0.007422
0.006649
0.007045
0.008889
0.007714
0.007342
0.007411
0.006804
0.007078
0.007603
0.006572
0.007254
0.006626
0.007022
0.007807
0.007611
0.007305
0.007433
0.007275
0.007444
0.007214
0.007081
0.007846
0.007569
0.007331
0.007352
0.007314
0.007524
0.007240
0.006908
0.006699
0.008357
0.006670
0.007281
0.007407
0.007031
0.007722
0.008292
0.006982
0.007840
0.008184
0.007151
0.204356
0.008063
0.008055
0.008052
0.007669
0.006403
0.007034
0.007360
0.007227
0.007361
0.007444
0.007433
0.007350
0.007365
0.007490
0.006925
0.007009
0.007263
0.007305
0.007120
0.007363
0.006804
0.008389
0.008003
0.007324
0.007393
0.007227
0.007776
0.007328
0.006746
0.006838
0.007458
0.007359
0.007464
0.007140
0.007288
0.007695
0.007005
0.007613
0.007924
0.007520
0.015653
0.007714
0.007772
0.008260
0.007582
0.007567
0.007443
0.010392
0.007621
0.007627
0.007044
0.007893
0.006890
0.007177
0.007790
0.007453
0.007691
0.007256
0.007279
0.007264
0.007442
0.001673
0.014725
0.001916
0.001885
0.010061
0.025954
0.009824
0.001980
0.001954
0.002027
0.001907
0.001996
0.009772
0.002078
0.044324
0.015178
0.026743
0.007819
0.001825
0.001797
0.013054
0.006833
0.020785
0.007414
0.007457
0.008593
0.007099
0.006977
0.007842
0.007062
0.006899
0.007119
0.007518
0.007756
0.007299
0.007052
0.007087
0.007047
0.007025
0.007261
0.007367
0.006976
0.007276
0.007052
0.025756
0.007200
0.006890
0.007346
0.006840
0.007187
0.006813
0.006992
0.006488
0.007802
0.006970
0.007169
0.007586
0.006713
0.006896
0.006993
0.006507
0.007518
0.007144
0.007240
0.007235
0.007360
0.006834
0.007093
0.006810
0.007860
0.006778
0.007091
0.007518
0.006955
0.007340
0.006825
0.007264
0.007107
0.006988
0.007440
0.011017
0.006946
0.007283
0.009145
0.007310
0.006452
0.007802
0.007291
0.007301
0.006488
0.007117
0.007393
0.007134
0.006510
0.006852
0.007550
0.009078
0.007199
0.007032
0.007129
0.006744
0.007340
0.007243
0.010069
0.007438
0.007066
0.006671
0.007365
0.007034
0.006372
0.013931
0.007658
0.007615
0.006790
0.006977
0.006648
0.006862
0.007262
0.007442
0.007451
0.007355
0.006923
0.006979
0.007095
0.007131
0.007016
0.007264
0.007189
0.007554
0.007468
0.006242
0.006790
0.064321
0.018265
0.007224
0.007080
0.006743
0.006972
0.007522
0.007429
0.007869
0.007440
0.006641
0.007090
0.007242
0.007457
0.008381
0.007464
0.007314
0.006550
0.007450
0.015620
0.007168
0.007907
0.007512
0.007572
0.007443
0.007322
0.007239
0.007479
0.006621
0.007365
0.007288
0.007366
0.006645
0.006840
0.007204
0.006822
0.007256
0.007210
0.018755
0.008927
0.008168
0.009379
0.007334
0.006458
0.007130
0.007811
0.007781
0.007479
0.007839
0.008940
0.014702
0.007649
0.007046
0.007064
0.007282
0.006921
0.006960
0.007059
0.007875
0.007245
0.007712
0.007386
0.007956
0.008091
0.008059
0.007378
0.007521
0.006749
0.007426
0.007546
0.024218
0.007081
0.006934
0.007091
0.007201
0.006862
0.007546
0.006951
0.007193
0.007560
0.007989
0.008611
0.007458
0.007501
0.007440
0.007485
0.006852
0.006537
0.006966
0.006772
0.007452
0.007256
0.006911
0.007890
0.006875
0.007257
0.007457
0.007105
0.007151
0.007081
0.007834
0.006887
0.007113
0.006438
0.007299
0.007045
0.001763
0.007167
0.007363
0.007103
0.007595
0.007766
0.007112
0.007367
0.009172
0.006937
0.012969
0.007339
0.008071
0.007462
0.006454
0.007258
0.007387
0.007147
0.007244
0.006680
0.006462
0.007514
0.007317
0.006203
0.006861
0.007070
0.007275
0.007424
0.007039
0.007148
0.007130
0.007028
0.007058
0.007532
0.007635
0.007141
0.007029
0.006355
0.007181
0.007590
0.007671
0.006388
0.006979
0.006959
0.006759
0.006805
0.007056
0.007542
0.007074
0.006454
0.007262
0.007235
0.007381
0.007000
0.007054
0.007281
0.006591
0.007187
0.006907
0.007035
0.007060
0.007033
0.006719
0.007247
0.007154
0.006971
0.007830
0.006627
0.006951
0.006495
0.007158
0.007042
0.007176
0.007552
0.007291
0.007120
0.006507
0.006371
0.006518
0.007105
0.007492
0.011242
0.007171
0.007448
0.007616
0.006905
0.007109
0.007042
0.006308
0.008986
0.008145
0.006687
0.007927
0.009415
0.008309
0.073827
0.007464
0.007362
0.007266
0.007399
0.007490
0.007757
0.007301
0.006984
0.007350
0.007014
0.007842
0.007221
0.007059
0.007282
0.007045
0.007071
0.007114
0.006933
0.007497
0.007218
0.007066
0.007186
0.006978
0.007275
0.012866
0.007144
0.007419
0.007875
0.006444
0.006751
0.007357
0.007336
0.014800
0.007458
0.007076
0.007729
0.007268
0.007300
0.008017
0.008053
0.007207
0.008735
0.007411
0.006245
0.059848
0.006763
0.007074
0.008554
0.006983
0.006982
0.007278
0.006830
0.007092
0.007257
0.007301
0.006554
0.006884
0.006595
0.006819
0.007107
0.009431
0.007038
0.007114
0.009151
0.007377
0.007196
0.007176
0.007267
0.006627
0.007487
0.008408
0.006876
0.007523
0.007008
0.007171
0.007029
0.007023
0.007750
0.007776
0.007107
0.007167
0.019444
0.007551
0.007355
0.007242
0.007109
0.007229
0.007376
0.007207
0.007056
0.007000
0.007420
0.007174
0.008373
0.007264
0.007234
0.007268
0.007397
0.007172
0.007099
0.007033
0.007414
0.007667
0.007009
0.007237
0.008074
0.011051
0.007520
0.008038
0.037252
0.008137
0.007801
0.007249
0.007349
0.007039
0.007362
0.007335
0.006841
0.006398
0.013935
0.006999
0.007217
0.007683
0.007396
0.059400
0.007827
0.007417
0.006959
0.007257
0.007500
0.007234
0.008109
0.007192
0.007681
0.007814
0.006230
0.007516
0.007272
0.009795
0.007120
0.007436
0.007219
0.007423
0.007155
0.006976
0.007292
0.007081
0.008402
0.007226
0.007044
0.007422
0.006553
0.007035
0.007035
0.006981
0.007531
0.006327
0.001783
0.006817
0.007142
0.007163
0.006841
0.008459
0.007928
0.007341
0.007299
0.006649
0.023971
0.007432
0.007359
0.007412
0.007498
0.007454
0.006535
0.007108
0.007163
0.006983
0.007365
0.007915
0.007112
0.007129
0.007162
0.007014
0.007021
0.006773
0.007070
0.006352
0.006433
0.006951
0.007066
0.007028
0.007060
0.007175
0.007081
0.007014
0.011066
0.007234
0.007844
0.006915
0.006880
0.007195
0.006667
0.007283
0.007101
0.007067
0.008143
0.065873
0.007542
0.007517
0.007309
0.006899
0.007568
0.007122
0.007709
0.007332
0.006729
0.007387
0.006611
0.007027
0.007194
0.007029
0.007763
0.007504
0.007160
0.008987
0.007199
0.006786
0.006643
0.007715
0.007435
0.006625
0.006968
0.007065
0.006536
0.006982
0.007238
0.007190
0.007374
0.006685
0.007228
0.007852
0.006888
0.007110
0.007103
0.007639
0.006478
0.006658
0.006877
0.006993
0.006758
0.006972
0.007556
0.007596
0.007032
0.007227
0.010363
0.007268
0.018725
0.008370
0.007251
0.007516
0.007247
0.007153
0.007341
0.007356
0.007368
0.006793
0.006641
0.007645
0.009764
0.007123
0.007546
0.006803
0.007299
0.007216
0.015360
0.006773
0.007713
0.006882
0.006861
0.007000
0.007001
0.007427
0.007231
0.007305
0.014746
0.007396
0.007302
0.007123
0.006928
0.006619
0.007167
0.006291
0.007053
0.006531
0.007220
0.012442
0.006842
0.007626
0.007841
0.007380
0.009802
0.006734
0.006634
0.007707
0.007444
0.007134
0.006421
0.006813
0.007628
0.006762
0.007765
0.007443
0.007245
0.007507
0.006795
0.007002
0.007024
0.007146
0.007345
0.006996
0.006913
0.007133
0.007117
0.007311
0.007374
0.007389
0.006703
0.006895
0.020505
0.007127
0.001846
0.006519
0.006575
0.007939
0.006808
0.006759
0.006576
0.007244
0.007297
0.007332
0.006503
0.007381
0.007740
0.006968
0.007190
0.007258
0.038374
0.008215
0.007424
0.007301
0.006893
0.007504
0.007384
0.006770
0.007411
0.007543
0.007415
0.006941
0.007247
0.007478
0.006964
0.007157
0.008428
0.007288
0.007613
0.006636
0.006736
0.006971
0.006901
0.006955
0.007301
0.007183
0.007953
0.007876
0.007680
0.007213
0.007309
0.007201
0.015790
0.008644
0.006883
0.007809
0.006797
0.007935
0.006475
0.006617
0.008659
0.007189
0.007111
0.006569
0.007285
0.007463
0.006896
0.007673
0.006419
0.007577
0.007451
0.007160
0.007667
0.007013
0.007288
0.007049
0.007070
0.007467
0.007476
0.007457
0.007013
0.007265
0.007296
0.007665
0.006608
0.007071
0.007685
0.007020
0.007074
0.022304
0.010823
0.007102
0.006432
0.007222
0.007460
0.007502
0.007412
0.006286
0.007008
0.007138
0.007023
0.006748
0.014821
0.006436
0.007253
0.007258
0.006612
0.007468
0.007204
0.006913
0.006954
0.007080
0.007124
0.007139
0.006924
0.007431
0.007093
0.007455
0.007791
0.007531
0.007261
0.007363
0.007043
0.006371
0.007331
0.006504
0.007101
0.010035
0.006960
0.014561
0.006868
0.007845
0.010682
0.007509
0.007106
0.007113
0.081653
0.007726
0.007110
0.007255
0.007461
0.007867
0.007815
0.007320
0.008026
0.006323
0.007177
0.007696
0.007182
0.006669
0.007193
0.007145
0.008068
0.007248
0.007142
0.001803
0.007182
0.006841
0.007015
0.007502
0.007650
0.007444
0.007115
0.007141
0.007023
0.007400
0.007354
0.007551
0.007502
0.007236
0.008695
0.009740
0.007134
0.007136
0.007652
0.007500
0.007756
0.007224
0.007426
0.006827
0.006807
0.007011
0.007503
0.007109
0.007152
0.007182
0.007220
0.006962
0.007088
0.006527
0.007392
0.007138
0.007333
0.006542
0.007282
0.007465
0.006269
0.006851
0.007204
0.007143
0.007596
0.007225
0.007162
0.007242
0.007052
0.006582
0.008585
0.007487
0.010653
0.006437
0.007248
0.007569
0.007528
0.007095
0.007029
0.007018
0.006637
0.007201
0.006689
0.006998
0.009741
0.007403
0.007394
0.008204
0.014802
0.008285
0.006515
0.007102
0.007819
0.007646
0.007151
0.039990
0.007068
0.007235
0.007420
0.007526
0.007442
0.008013
0.006652
0.007062
0.007278
0.008015
0.007596
0.007889
0.007659
0.006981
0.006773
0.007323
0.007095
0.006924
0.006775
0.006555
0.007024
0.007010
0.011680
0.007563
0.006945
0.006793
0.006935
0.007121
0.007141
0.006710
0.007064
0.006885
0.007122
0.007207
0.007145
0.007384
0.007216
0.007355
0.006944
0.007450
0.006972
0.007321
0.006974
0.007032
0.006699
0.007525
0.006958
0.001957
0.006770
0.008132
0.006666
0.008731
0.007672
0.007120
0.007500
0.007032
0.007531
0.012463
0.007484
0.007710
0.007317
0.007684
0.006892
0.007214
0.007146
0.006929
0.007251
0.007303
0.007095
0.007893
0.007110
0.007404
0.006715
0.006671
0.009984
0.006337
0.006386
0.006599
0.007002
0.007676
0.007061
0.007288
0.007195
0.007035
0.006865
0.021118
0.007875
0.007130
0.007238
0.007096
0.007471
0.012331
0.007597
0.007252
0.006300
0.006999
0.001766
0.015739
0.002130
0.001842
0.001798
0.001628
0.006701
0.006979
0.007700
0.007581
0.007554
0.007843
0.007092
0.008253
0.007709
0.007017
0.007508
0.007329
0.007776
0.007479
0.007124
0.007465
0.008357
0.007058
0.007147
0.007013
0.006814
0.008621
0.007001
0.007381
0.007412
0.006643
0.008092
0.007426
0.007001
0.007923
0.007339
0.007360
0.007265
0.007282
0.007419
0.016803
0.007695
0.007286
0.007083
0.007476
0.007466
0.007990
0.007502
0.008640
0.007566
0.006830
0.007420
0.007217
0.001654
0.007274
0.008264
0.007180
0.006948
0.007596
0.012371
0.008234
0.007919
0.007533
0.006845
0.007302
0.007922
0.007590
0.007218
0.007578
0.009177
0.008226
0.006611
0.007771
0.006687
0.007143
0.011517
0.007325
0.007218
0.007207
0.038455
0.007489
0.007089
0.006823
0.007049
0.007417
0.007295
0.007110
0.007526
0.007352
0.007227
0.008164
0.007438
0.006934
0.007526
0.007120
0.003808
0.001716
0.007871
0.013083
0.008055
0.011328
0.007726
0.007627
0.007068
0.008329
0.007710
0.008301
0.007239
0.007080
0.007705
0.008111
0.003485
0.008614
0.007204
0.007780
0.006774
0.007275
0.006985
0.008117
0.007307
0.007783
0.010533
0.006678
0.007233
0.007821
0.007416
0.006804
0.007241
0.007107
0.007639
0.007295
0.001666
0.001941
0.007525
0.007515
0.007249
0.018033
0.007462
0.007415
0.007766
0.007146
0.007378
0.007174
0.007341
0.007487
0.007206
0.006980
0.006845
0.001893
0.013753
0.008294
0.007553
0.007175
0.007196
0.007184
0.006716
0.007753
0.007318
0.018826
0.008089
0.009056
0.007671
0.007342
0.006970
0.006657
0.007358
0.036089
0.007624
0.007434
0.007255
0.008472
0.009190
0.007620
0.007801
0.006631
0.007182
0.007592
0.009405
0.007852
0.006960
0.007568
0.008513
0.009541
0.001655
0.007434
0.016829
0.007008
0.007245
0.006923
0.007282
0.007431
0.007609
0.006979
0.007152
0.007173
0.007716
0.008086
0.007189
0.007943
0.007153
0.001702
0.001602
0.001825
0.007637
0.007474
0.007721
0.007257
0.008427
0.007476
0.006606
0.007388
0.008042
0.007799
0.007665
0.007172
0.007032
0.006352
0.006923
0.007304
0.004018
0.008000
0.001797
0.022958
0.007419
0.006924
0.007220
0.007104
0.007040
0.007321
0.007285
0.012602
0.006947
0.006784
0.007649
0.007183
0.007219
0.007318
0.007758
0.008730
0.007215
0.008143
0.007441
0.008951
0.001796
0.007108
0.012885
0.007843
0.007030
0.057526
0.007618
0.007324
0.006669
0.007962
0.006976
0.006992
0.007214
0.007156
0.006897
0.006707
0.008028
0.007126
0.007038
0.006670
0.006994
0.001750
0.001719
0.006967
0.006709
0.007351
0.006938
0.007050
0.007043
0.007192
0.006815
0.007047
0.007482
0.007272
0.006499
0.008181
0.031156
0.007825
0.007532
0.007030
0.001722
0.001717
0.001843
0.007462
0.006731
0.007534
0.007814
0.007010
0.006605
0.007303
0.007324
0.007270
0.006759
0.007094
0.007169
0.007154
0.007326
0.007284
0.001655
0.001684
0.007473
0.007248
0.007275
0.007252
0.007553
0.007602
0.006471
0.006639
0.006872
0.006453
0.006595
0.007378
0.007158
0.006799
0.007034
0.007409
0.007039
0.007025
0.008606
0.007978
0.006948
0.007328
0.007120
0.014379
0.007043
0.007069
0.016181
0.007365
0.007139
0.007018
0.007067
0.007432
0.007035
0.007835
0.006988
0.007199
0.008115
0.006872
0.006612
0.006915
0.007254
0.007589
0.001658
0.001734
0.001744
0.015832
0.007259
0.007300
0.007546
0.007418
0.007281
0.007358
0.007165
0.007561
0.007269
0.007230
0.007333
0.006647
0.008089
0.007121
0.007390
0.007745
0.006753
0.006523
0.002732
0.006673
0.006668
0.007247
0.020581
0.007443
0.007293
0.007665
0.007374
0.007657
0.007549
0.007308
0.007616
0.007567
0.008444
0.007788
0.007127
0.007242
0.007547
0.007115
0.006410
0.007087
0.009002
0.007197
0.007491
0.007653
0.006982
0.007588
0.007709
0.007635
0.007520
0.006920
0.007170
0.007358
0.007444
0.007470
0.006556
0.007564
0.007853
0.007563
0.016096
0.007663
0.007510
0.005755
0.001809
0.001631
0.009566
0.007612
0.007812
0.007566
0.006970
0.007129
0.007359
0.007369
0.007320
0.007237
0.007782
0.008609
0.008228
0.007887
0.007410
0.007784
0.006876
0.007201
0.001972
0.001831
0.001808
0.007364
0.007266
0.007346
0.007267
0.007552
0.007141
0.006770
0.007765
0.008404
0.007679
0.007710
0.007671
0.008960
0.007438
0.007326
0.006960
0.007642
0.007500
0.004755
0.006835
0.001655
0.007385
0.007620
0.059120
0.008428
0.010735
0.007407
0.008261
0.007661
0.007597
0.007886
0.006976
0.007509
0.007437
0.007363
0.001715
0.007930
0.007132
0.007146
0.007715
0.007565
0.007333
0.007575
0.007818
0.007949
0.007770
0.007895
0.007018
0.006775
0.015247
0.008646
0.001757
0.007764
0.006774
0.008164
0.008340
0.006916
0.008178
0.006514
0.007306
0.007246
0.007307
0.007267
0.006792
0.007531
0.007386
0.007290
0.007372
0.007368
0.007318
0.007387
0.007934
0.007065
0.001676
0.002007
0.008881
0.007083
0.006458
0.007339
0.006999
0.007526
0.006652
0.007014
0.007311
0.011560
0.008210
0.007354
0.007544
0.007236
0.006502
0.007171
0.007160
0.007853
0.007443
0.010070
0.007446
0.006709
0.006630
0.006881
0.009032
0.007481
0.006973
0.006864
0.007537
0.007244
0.006403
0.007357
0.007713
0.008197
0.007167
0.006613
0.007251
0.008152
0.007501
0.001678
0.007057
0.007290
0.017432
0.007520
0.007379
0.007486
0.006869
0.007886
0.007655
0.007421
0.007341
0.007318
0.007432
0.007710
0.006897
0.007338
0.007108
0.007783
0.007441
0.009632
0.007615
0.006677
0.007227
0.007670
0.007415
0.016925
0.007630
0.058103
0.007954
0.007370
0.007956
0.007238
0.007481
0.007312
0.007049
0.007304
0.007761
0.007078
0.007427
0.007393
0.007076
0.006736
0.014832
0.007381
0.007742
0.006768
0.007246
0.007832
0.007405
0.007337
0.007261
0.007136
0.006992
0.007307
0.006902
0.007224
0.007501
0.008348
0.008837
0.008454
0.007473
0.007450
0.006496
0.006794
0.006663
0.007003
0.007734
0.025424
0.007299
0.006702
0.007173
0.007093
0.007405
0.007458
0.007236
0.007160
0.007543
0.007507
0.006834
0.007218
0.007276
0.007492
0.008354
0.007278
0.007778
0.007109
0.009495
0.007866
0.007589
0.040363
0.007798
0.007171
0.008023
0.007521
0.007158
0.007777
0.006895
0.010270
0.007502
0.012118
0.002127
0.006155
0.001722
0.001695
0.001926
0.006896
0.007468
0.007464
0.007136
0.007447
0.007536
0.007670
0.007605
0.007428
0.008412
0.007520
0.007056
0.007475
0.006869
0.007344
0.007546
0.007435
0.007009
0.007094
0.008144
0.007416
0.006634
0.007300
0.013993
0.007125
0.007379
0.007219
0.007099
0.007409
0.006609
0.007639
0.007582
0.008111
0.007649
0.006623
0.006546
0.008199
0.007959
0.007211
0.064494
0.007737
0.007986
0.006872
0.006556
0.007758
0.007222
0.007409
0.006985
0.006580
0.007409
0.006652
0.007177
0.007207
0.007433
0.001780
0.007231
0.007097
0.007399
0.007338
0.007644
0.007583
0.018022
0.001789
0.001726
0.009908
0.001866
0.001684
0.009902
0.003346
0.001666
0.001694
0.001614
0.014677
0.010896
0.001771
0.019659
0.012010
0.007236
0.007222
0.007628
0.007668
0.008147
0.007949
0.007744
0.007300
0.007659
0.007407
0.006734
0.007544
0.008835
0.007062
0.007042
0.008735
0.007567
0.007615
0.008008
0.007730
0.007586
0.007435
0.007827
0.007989
0.012560
0.007059
0.007447
0.007645
0.007865
0.015491
0.007036
0.007722
0.007267
0.008621
0.008305
0.007951
0.006698
0.008396
0.007691
0.008299
0.008484
0.007658
0.007410
0.007908
0.007830
0.007824
0.008253
0.007696
0.007938
0.007729
0.008484
0.007514
0.007557
0.007458
0.007883
0.012056
0.007820
0.007493
0.007561
0.008252
0.007729
0.007335
0.056692
0.008448
0.008031
0.008029
0.007286
0.008659
0.006772
0.017025
0.006800
0.007674
0.007786
0.007566
0.007908
0.007860
0.007641
0.007950
0.010581
0.007783
0.008682
0.007846
0.007479
0.008003
0.007339
0.008850
0.007313
0.008062
0.007773
0.006879
0.007478
0.007580
0.007378
0.007088
0.008081
0.007443
0.006542
0.007050
0.007833
0.007408
0.007381
0.007064
0.007378
0.007501
0.007643
0.007363
0.007881
0.007727
0.008529
0.007916
0.007386
0.006909
0.007799
0.006968
0.006751
0.007634
0.007085
0.008152
0.007231
0.008055
0.008087
0.007491
0.031449
0.007548
0.007591
0.008158
0.006989
0.007300
0.006754
0.006874
0.007772
0.007606
0.007064
0.007327
0.007403
0.007084
0.006852
0.014307
0.007752
0.007455
0.007304
0.007308
0.007733
0.007795
0.009343
0.008142
0.006802
0.007595
0.006945
0.007651
0.007085
0.008057
0.006773
0.007355
0.006868
0.007669
0.007203
0.007402
0.007343
0.007490
0.007200
0.007570
0.017171
0.007194
0.007043
0.006924
0.007623
0.007065
0.006889
0.006963
0.007345
0.007228
0.006377
0.007229
0.006920
0.007100
0.007181
0.006987
0.007142
0.007190
0.006779
0.006830
0.007148
0.017878
0.007867
0.007115
0.006668
0.007142
0.007280
0.006714
0.007437
0.007031
0.007087
0.006728
0.007048
0.007286
0.006822
0.006920
0.007716
0.007577
0.007466
0.007246
0.007235
0.006490
0.007003
0.007191
0.007389
0.007419
0.016386
0.007522
0.007173
0.007577
0.007679
0.006962
0.007476
0.007156
0.001889
0.007713
0.007065
0.007414
0.007205
0.007469
0.006365
0.007765
0.007741
0.007338
0.007223
0.007292
0.006651
0.020235
0.008189
0.007658
0.008189
0.007714
0.008202
0.007641
0.007400
0.006905
0.008539
0.007219
0.007638
0.007310
0.007289
0.008003
0.007969
0.007954
0.006766
0.008030
0.007056
0.007670
0.007014
0.006588
0.008442
0.007479
0.007612
0.007395
0.007684
0.007762
0.006905
0.007531
0.006869
0.007777
0.007658
0.006750
0.007898
0.007500
0.012518
0.006715
0.006755
0.007488
0.007369
0.006840
0.058800
0.008328
0.008012
0.006638
0.006932
0.007430
0.007135
0.007605
0.006890
0.007719
0.007111
0.008046
0.007271
0.006902
0.007542
0.007321
0.007345
0.006856
0.006842
0.007128
0.006583
0.007345
0.007118
0.006711
0.007700
0.007509
0.009057
0.005397
0.008235
0.006922
0.007731
0.018327
0.007876
0.011647
0.006877
0.009551
0.007662
0.006944
0.007920
0.007430
0.006792
0.020326
0.007723
0.007472
0.006769
0.014937
0.006825
0.007886
0.007879
0.007849
0.007802
0.007953
0.006819
0.007449
0.007306
0.006813
0.008193
0.006728
0.006830
0.007243
0.007664
0.007394
0.006994
0.007667
0.007615
0.010057
0.007352
0.008030
0.007890
0.006732
0.007067
0.007000
0.007803
0.007704
0.007721
0.007118
0.007972
0.007160
0.007268
0.007418
0.036003
0.007794
0.007357
0.007106
0.008022
0.007719
0.007604
0.007680
0.007369
0.007068
0.007852
0.007653
0.007464
0.007661
0.007048
0.007257
0.007540
0.006531
0.006880
0.007445
0.007435
0.006651
0.007313
0.013702
0.008331
0.006782
0.007122
0.006847
0.006589
0.007210
0.007192
0.010229
0.008910
0.007543
0.007802
0.007481
0.007183
0.007498
0.007377
0.007553
0.008508
0.008134
0.006853
0.006860
0.070300
0.007872
0.007651
0.007485
0.007837
0.007368
0.007375
0.006901
0.007194
0.008152
0.007635
0.006798
0.007419
0.007615
0.007003
0.007474
0.007337
0.007687
0.006835
0.006821
0.007847
0.008075
0.007151
0.007566
0.008826
0.007100
0.006926
0.007621
0.006436
0.006914
0.006920
0.007061
0.007185
0.007738
0.007155
0.006473
0.007119
0.008229
0.006796
0.008297
0.007600
0.015679
0.010330
0.007865
0.019827
0.007571
0.007642
0.007760
0.009596
0.006771
0.007684
0.008979
0.009193
0.010199
0.008441
0.007950
0.008157
0.009315
0.009507
0.010798
0.010145
0.007870
0.009420
0.009738
0.009770
0.010412
0.010715
0.009070
0.010097
0.009033
0.008784
0.009348
0.007965
0.007147
0.007801
0.007890
0.007100
0.007747
0.007334
0.007032
0.008010
0.007676
0.007579
0.008001
0.007565
0.007580
0.007921
0.007712
0.007427
0.007339
0.007538
0.007782
0.007965
0.008047
0.008099
0.007566
0.007335
0.007691
0.007032
0.006611
0.006928
0.020563
0.007988
0.009048
0.008038
0.007773
0.008035
0.007287
0.007495
0.007315
0.007656
0.008438
0.007884
0.007878
0.007946
0.007934
0.007755
0.007449
0.006719
0.007205
0.007676
0.007862
0.007463
0.063461
0.007323
0.007988
0.007816
0.007638
0.007723
0.007476
0.007729
0.008005
0.007641
0.008044
0.008217
0.007333
0.007825
0.007757
0.007721
0.007759
0.007144
0.001762
0.007353
0.007081
0.007677
0.007135
0.007705
0.007341
0.009560
0.008507
0.008546
0.007885
0.008368
0.008396
0.008371
0.008334
0.012332
0.008427
0.008266
0.021238
0.007702
0.007164
0.007837
0.007845
0.007922
0.007951
0.007231
0.007609
0.007680
0.008241
0.007735
0.007850
0.007411
0.007735
0.007555
0.007349
0.006699
0.006810
0.007542
0.007070
0.006911
0.006477
0.007505
0.007619
0.007661
0.006646
0.007728
0.007127
0.007155
0.007280
0.007981
0.008127
0.015763
0.007337
0.007224
0.007362
0.007288
0.007172
0.007282
0.007443
0.007479
0.007208
0.007276
0.012026
0.008125
0.007945
0.010825
0.007592
0.009096
0.006793
0.007526
0.008490
0.007128
0.007169
0.007384
0.007199
0.006835
0.006957
0.007707
0.006828
0.007621
0.007235
0.007490
0.001784
0.007491
0.006751
0.007490
0.009856
0.007633
0.007257
0.007094
0.006718
0.007147
0.007343
0.006562
0.059182
0.007812
0.007540
0.007692
0.007726
0.007539
0.007478
0.007142
0.007532
0.007373
0.001796
0.009047
0.007529
0.007922
0.007734
0.007719
0.007373
0.007414
0.007093
0.008926
0.007180
0.007334
0.007042
0.007468
0.007265
0.007383
0.007596
0.006953
0.007533
0.007618
0.007434
0.007414
0.006454
0.007040
0.008336
0.008863
0.007337
0.007335
0.007237
0.007552
0.007499
0.007447
0.007167
0.007746
0.007050
0.007636
0.006821
0.007809
0.007916
0.008098
0.009761
0.006919
0.006797
0.006731
0.007268
0.001752
0.012624
0.007536
0.009163
0.007364
0.007616
0.007732
0.007134
0.007187
0.007769
0.007261
0.008027
0.007181
0.007340
0.007257
0.006777
0.006729
0.007094
0.007280
0.007605
0.007277
0.001682
0.007151
0.007145
0.007818
0.007118
0.007049
0.007058
0.007366
0.007047
0.007122
0.007094
0.007641
0.008636
0.007044
0.007163
0.007007
0.007820
0.007834
0.007332
0.007486
0.007105
0.006442
0.011517
0.006813
0.001713
0.007698
0.007542
0.007324
0.007562
0.007672
0.007498
0.007676
0.007628
0.007830
0.007658
0.007333
0.007388
0.007792
0.007310
0.007629
0.007940
0.006798
0.007425
0.007318
0.007067
0.005599
0.006909
0.001810
0.007276
0.016822
0.007398
0.008624
0.008045
0.007451
0.007464
0.007454
0.007041
0.008652
0.007421
0.007588
0.007602
0.007212
0.007759
0.007546
0.007081
0.006755
0.007812
0.011935
0.007157
0.001734
0.007612
0.007673
0.006916
0.007430
0.007406
0.007186
0.007066
0.007704
0.007368
0.008504
0.007507
0.008854
0.007022
0.006791
0.007097
0.006637
0.007177
0.007265
0.006604
0.007262
0.007400
0.007138
0.007309
0.007457
0.007327
0.007339
0.007115
0.007196
0.007304
0.007311
0.007354
0.007012
0.007362
0.007667
0.007206
0.006775
0.007681
0.007424
0.007750
0.006834
0.007672
0.007237
0.007402
0.007420
0.006311
0.047765
0.007665
0.007492
