0.001727
0.001677
0.001538
0.001566
0.008501
0.001573
0.001658
0.017483
0.001671
0.001639
0.003625
0.001530
0.006721
0.001560
0.001666
0.001545
0.001544
0.001588
0.001633
0.001632
0.001697
0.001800
0.001528
0.001579
0.001621
0.001731
0.003041
0.001674
0.001543
0.001557
0.001616
0.001534
0.001737
0.001485
0.001665
0.001596
0.001527
0.001535
0.001517
0.001986
0.001556
0.001531
0.001450
0.001625
0.001622
0.001471
0.001632
0.001850
0.001649
0.001478
0.001585
0.013611
0.001506
0.001504
0.001559
0.001469
0.001667
0.001512
0.001502
0.001875
0.001552
0.001591
0.001794
0.001654
0.001512
0.001495
0.001598
0.001673
0.001483
0.001451
0.001454
0.001674
0.001859
0.001495
0.001469
0.001656
0.001659
0.001582
0.001660
0.001534
0.001610
0.001692
0.002044
0.001550
0.001806
0.001507
0.001675
0.001715
0.001753
0.001533
0.001568
0.001465
0.001789
0.001864
0.001527
0.001588
0.001536
0.001516
0.001502
0.001805
0.001497
0.001579
0.001481
0.001533
0.001993
0.001608
0.001578
0.003705
0.012538
0.001551
0.001882
0.001552
0.001509
0.001432
0.001657
0.001779
0.001759
0.001601
0.001581
0.001565
0.001663
0.001741
0.001704
0.001696
0.001641
0.001661
0.001522
0.001513
0.001529
0.001521
0.001492
0.001866
0.001483
0.002180
0.001532
0.001518
0.001667
0.001511
0.001604
0.003158
0.001755
0.001562
0.001587
0.001538
0.001536
0.001981
0.002635
0.001551
0.001504
0.001460
0.002000
0.001534
0.001631
0.001642
0.001792
0.001692
0.001617
0.001624
0.001695
0.001697
0.001658
0.001565
0.001539
0.005710
0.001626
0.001516
0.001727
0.001552
0.001576
0.001594
0.001544
0.001676
0.001692
0.001647
0.001531
0.001555
0.003069
0.001505
0.001523
0.001553
0.001691
0.001584
0.001547
0.008089
0.001494
0.001524
0.001822
0.001605
0.001521
0.001540
0.001797
0.001742
0.001580
0.001552
0.001889
0.001486
0.001558
0.001804
0.001782
0.001605
0.001551
0.001637
0.001699
0.001538
0.001619
0.001504
0.001712
0.001571
0.001595
0.003428
0.001520
0.001616
0.001806
0.001488
0.001600
0.001506
0.001538
0.001630
0.001729
0.001519
0.001567
0.001806
0.001565
0.001609
0.001684
0.001551
0.001843
0.001524
0.001440
0.001480
0.001751
0.016797
0.001552
0.001506
0.001567
0.001592
0.001875
0.001577
0.001770
0.001503
0.001553
0.001560
0.001559
0.001810
0.001692
0.001689
0.001644
0.001506
0.001591
0.001780
0.001711
0.001580
0.001616
0.001596
0.001759
0.001815
0.001741
0.001554
0.001504
0.001603
0.001477
0.001665
0.001523
0.001590
0.001687
0.001642
0.001630
0.001888
0.001661
0.001659
0.001574
0.001596
0.001609
0.001615
0.001717
0.001546
0.002447
0.001527
0.001611
0.001678
0.001543
0.001781
0.001670
0.001444
0.001449
0.001675
0.002783
0.001454
0.001545
0.001517
0.001627
0.001851
0.001719
0.001544
0.001584
0.001535
0.001509
0.001559
0.001486
0.001516
0.001911
0.001531
0.001723
0.001535
0.001679
0.001766
0.001559
0.001536
0.001534
0.001697
0.001533
0.001500
0.001531
0.001503
0.001621
0.001556
0.001872
0.001500
0.001583
0.001603
0.001577
0.001518
0.001755
0.001529
0.001593
0.001635
0.001514
0.001498
0.001525
0.001640
0.001447
0.001625
0.001554
0.001733
0.001539
0.001500
0.001538
0.001583
0.001802
0.001511
0.001465
0.001517
0.001499
0.001612
0.001848
0.001537
0.001616
0.001592
0.012362
0.001753
0.004804
0.001550
0.001587
0.001511
0.001738
0.001534
0.001511
0.001655
0.001539
0.001534
0.001732
0.001805
0.001766
0.001666
0.001677
0.001777
0.001518
0.001943
0.001668
0.002010
0.001849
0.001698
0.001585
0.001544
0.001647
0.001872
0.001667
0.001669
0.001564
0.001753
0.001521
0.001538
0.001497
0.001554
0.001460
0.001519
0.001589
0.001526
0.001493
0.001947
0.001602
0.001495
0.001689
0.001592
0.012380
0.001750
0.001655
0.001605
0.001495
0.001523
0.001781
0.001545
0.001517
0.001567
0.001597
0.001514
0.001609
0.001501
0.001591
0.001586
0.001771
0.001588
0.001513
0.001584
0.012342
0.002123
0.001531
0.001611
0.001593
0.001687
0.001577
0.001761
0.001648
0.001522
0.001532
0.001723
0.001527
0.001809
0.001591
0.001609
0.002257
0.001627
0.001673
0.001524
0.001507
0.001464
0.001783
0.002042
0.014292
0.001466
0.001547
0.001511
0.001718
0.001700
0.001502
0.001531
0.001625
0.001507
0.001704
0.001561
0.001556
0.001484
0.001635
0.001998
0.001649
0.001573
0.001496
0.001735
0.001707
0.001660
0.001649
0.001677
0.001641
0.001972
0.001629
0.001799
0.001614
0.001533
0.001609
0.001758
0.001613
0.001646
0.001541
0.001608
0.008907
0.001556
0.001710
0.001569
0.001611
0.001475
0.001587
0.004942
0.001535
0.001523
0.001497
0.001583
0.001583
0.001871
0.001646
0.001565
0.001554
0.001467
0.001544
0.001546
0.001533
0.001787
0.001620
0.001587
0.001625
0.001503
0.001873
0.001524
0.001544
0.003131
0.001585
0.001823
0.001591
0.001760
0.040907
0.001691
0.001519
0.001714
0.001563
0.001777
0.001490
0.001471
0.001639
0.001671
0.001561
0.001505
0.001815
0.001590
0.001600
0.003005
0.001496
0.001662
0.001655
0.001591
0.001507
0.001726
0.001542
0.001432
0.001691
0.001569
0.001622
0.001789
0.001476
0.001486
0.001603
0.001648
0.001659
0.001553
0.001565
0.001553
0.001600
0.001507
0.001521
0.001674
0.001556
0.001752
0.006692
0.001659
0.001677
0.001687
0.001526
0.001534
0.001536
0.001529
0.052914
0.001557
0.001477
0.001681
0.001611
0.001710
0.001658
0.001601
0.001666
0.001752
0.001531
0.001628
0.001593
0.001520
0.001466
0.001956
0.001607
0.001646
0.001550
0.001488
0.001530
0.001671
0.001821
0.001464
0.001504
0.001611
0.001595
0.001786
0.001516
0.001502
0.002986
0.001840
0.001574
0.001637
0.001649
0.001632
0.004149
0.001528
0.001615
0.001727
0.001518
0.001765
0.001513
0.001552
0.001511
0.002011
0.001673
0.001593
0.001507
0.001597
0.001527
0.001586
0.001549
0.001856
0.001523
0.001476
0.001843
0.001598
0.001532
0.001874
0.001624
0.001736
0.001621
0.001601
0.001500
0.001714
0.004374
0.001537
0.001624
0.001738
0.001662
0.001715
0.001602
0.002084
0.005395
0.001554
0.001758
0.001846
0.001648
0.001566
0.001582
0.001699
0.001793
0.001785
0.001625
0.001554
0.001630
0.001876
0.001693
0.001532
0.001631
0.001459
0.005638
0.001656
0.001523
0.002055
0.001722
0.004149
0.001677
0.001580
0.001624
0.001574
0.001573
0.001895
0.001510
0.001529
0.001522
0.001537
0.002005
0.001518
0.001547
0.001632
0.001629
0.001538
0.001750
0.001855
0.001651
0.001556
0.001708
0.009248
0.001541
0.001581
0.001566
0.001444
0.001551
0.001549
0.001752
0.001590
0.001783
0.001623
0.001754
0.001553
0.001537
0.001775
0.001534
0.001533
0.001685
0.001528
0.001551
0.001972
0.001597
0.001554
0.001555
0.013259
0.002026
0.001687
0.001530
0.001627
0.001641
0.001752
0.001759
0.001768
0.001690
0.001523
0.001854
0.001643
0.001608
0.001634
0.001580
0.001678
0.001783
0.001655
0.001732
0.001515
0.016440
0.003946
0.007429
0.001534
0.001674
0.001964
0.001611
0.001573
0.001689
0.001605
0.001808
0.001580
0.001597
0.001744
0.001608
0.033981
0.001745
0.001697
0.001620
0.001673
0.002765
0.001538
0.001605
0.001652
0.001630
0.001588
0.001531
0.001733
0.001542
0.001600
0.001662
0.001675
0.001629
0.001566
0.001796
0.001648
0.001645
0.001508
0.001874
0.001549
0.001574
0.001591
0.016980
0.001660
0.001533
0.001649
0.001527
0.001550
0.001601
0.001553
0.001627
0.001601
0.001768
0.001514
0.001531
0.001677
0.001558
0.001742
0.001683
0.001505
0.001609
0.001736
0.002059
0.001667
0.001642
0.002632
0.001534
0.001943
0.001570
0.001490
0.001539
0.001689
0.001726
0.001524
0.001604
0.001884
0.001530
0.001482
0.001701
0.001547
0.001553
0.001544
0.001688
0.001646
0.001892
0.001578
0.001514
0.001596
0.011129
0.001677
0.001508
0.001466
0.001644
0.001659
0.001606
0.001579
0.001450
0.001640
0.001541
0.001609
0.001512
0.001540
0.001588
0.001545
0.001539
0.001799
0.001536
0.001512
0.001534
0.001513
0.001678
0.001567
0.001930
0.001518
0.001765
0.001705
0.001549
0.001894
0.001568
0.001615
0.001720
0.001613
0.001606
0.001910
0.001756
0.001595
0.001747
0.001530
0.001617
0.001805
0.001799
0.001647
0.001724
0.016649
0.001869
0.001610
0.001706
0.003636
0.001745
0.001555
0.001562
0.001500
0.001633
0.001450
0.001835
0.001636
0.001689
0.001559
0.001561
0.001729
0.001731
0.003970
0.001541
0.001716
0.001625
0.001492
0.001616
0.001584
0.001563
0.001575
0.001682
0.001651
0.006743
0.001527
0.001567
0.012168
0.001516
0.001676
0.001565
0.001531
0.001564
0.001784
0.001669
0.001633
0.001578
0.001667
0.001608
0.001491
0.001624
0.004576
0.004047
0.007204
0.001641
0.001643
0.002017
0.001608
0.001510
0.001597
0.001698
0.001848
0.001607
0.001497
0.001531
0.001675
0.001590
0.001695
0.001621
0.001607
0.001571
0.001697
0.001939
0.001634
0.001624
0.013159
0.001574
0.001440
0.001575
0.001591
0.001668
0.001935
0.001573
0.001653
0.001508
0.001962
0.001714
0.001586
0.001482
0.002018
0.001524
0.001494
0.001581
0.001720
0.004248
0.001610
0.001947
0.001584
0.001487
0.001599
0.001556
0.001818
0.001535
0.001550
0.002527
0.001493
0.001601
0.001840
0.001606
0.001633
0.001515
0.001461
0.001709
0.001475
0.001540
0.001527
0.001505
0.001749
0.001798
0.001650
0.001562
0.006700
0.001619
0.001794
0.001618
0.006918
0.001513
0.001528
0.001655
0.001707
0.001453
0.001432
0.001515
0.001682
0.001671
0.001497
0.001511
0.001526
0.001524
0.001497
0.005138
0.001495
0.001544
0.001579
0.001593
0.001585
0.001545
0.001774
0.001650
0.001734
0.001716
0.001449
0.001598
0.001659
0.001571
0.001625
0.001516
0.001539
0.001509
0.001629
0.001613
0.001412
0.001505
0.001527
0.001649
0.001848
0.001506
0.001621
0.001552
0.001490
0.001555
0.001665
0.001546
0.001563
0.001734
0.001525
0.001726
0.001574
0.001866
0.001621
0.001499
0.001511
0.001502
0.002841
0.001654
0.001611
0.001653
0.001497
0.001725
0.001670
0.001574
0.001639
0.001921
0.001601
0.001484
0.001600
0.001516
0.001756
0.001493
0.001522
0.001494
0.001500
0.001719
0.001497
0.001560
0.001535
0.001638
0.001563
0.001595
0.012229
0.001672
0.001549
0.001613
0.001880
0.001568
0.001599
0.001505
0.001485
0.001611
0.001463
0.001559
0.001573
0.001648
0.001976
0.001610
0.001565
0.001497
0.001583
0.001635
0.001603
0.001512
0.001486
0.006954
0.010827
0.001565
0.001860
0.001532
0.001546
0.001681
0.001596
0.001692
0.001697
0.001616
0.001850
0.001553
0.001543
0.001634
0.001879
0.001580
0.001626
0.001565
0.001562
0.001503
0.001501
0.011856
0.001671
0.001553
0.001855
0.001550
0.001566
0.001630
0.001517
0.010123
0.001718
0.002013
0.001506
0.001667
0.001545
0.001672
0.001794
0.001522
0.001525
0.001519
0.001698
0.001967
0.001644
0.015881
0.001864
0.002128
0.001638
0.001600
0.001589
0.001579
0.001644
0.001550
0.001680
0.001521
0.001464
0.001628
0.001639
0.001537
0.001600
0.001488
0.001827
0.001579
0.001937
0.001527
0.001709
0.001561
0.001564
0.011691
0.001480
0.001575
0.001657
0.001819
0.001573
0.001811
0.001538
0.001665
0.001563
0.001792
0.001712
0.001471
0.001630
0.001556
0.001862
0.001567
0.001622
0.001544
0.001531
0.001707
0.001926
0.003983
0.001447
0.001641
0.001467
0.001568
0.001640
0.001716
0.001724
0.001662
0.001514
0.001686
0.001522
0.001807
0.001532
0.001534
0.001573
0.001529
0.005098
0.001543
0.001567
0.002023
0.001592
0.002071
0.001544
0.006727
0.001567
0.001548
0.001807
0.001525
0.001536
0.001483
0.001526
0.001543
0.001932
0.001609
0.001520
0.001532
0.001466
0.001573
0.001717
0.001597
0.001495
0.001673
0.001705
0.001576
0.001586
0.001598
0.001622
0.001758
0.001703
0.002142
0.001640
0.001683
0.001613
0.001648
0.001888
0.001531
0.001482
0.001656
0.001538
0.001468
0.001514
0.001536
0.001597
0.013125
0.001563
0.001466
0.001538
0.001575
0.001674
0.001508
0.001561
0.001819
0.001550
0.001505
0.001580
0.001576
0.002055
0.001468
0.001509
0.001519
0.001689
0.001920
0.001636
0.001543
0.001637
0.001649
0.001559
0.001728
0.001498
0.001550
0.001692
0.001515
0.001830
0.001493
0.001609
0.001456
0.001620
0.001617
0.001897
0.001561
0.001516
0.001651
0.001492
0.001532
0.001515
0.002158
0.001914
0.001508
0.001589
0.001604
0.001599
0.001536
0.001515
0.001472
0.001454
0.001517
0.001487
0.001495
0.001811
0.001553
0.001606
0.001505
0.001721
0.001886
0.001586
0.001570
0.001759
0.001596
0.001538
0.001662
0.002178
0.001650
0.001661
0.001638
0.001670
0.003671
0.001522
0.001497
0.001885
0.001713
0.001759
0.001785
0.001593
0.001851
0.001566
0.001627
0.001610
0.001630
0.001939
0.001637
0.001550
0.001587
0.001531
0.001559
0.008894
0.001530
0.001548
0.001563
0.001421
0.001465
0.001549
0.001524
0.001600
0.001585
0.001543
0.001576
0.001486
0.001798
0.001529
0.001491
0.001513
0.001613
0.001676
0.001497
0.006241
0.001550
0.001479
0.001637
0.001934
0.049014
0.001556
0.001523
0.001500
0.011509
0.001920
0.001500
0.001535
0.001575
0.001478
0.006361
0.001527
0.001536
0.001557
0.001523
0.002982
0.001562
0.001510
0.001630
0.001586
0.001875
0.001689
0.001659
0.001524
0.001513
0.001733
0.001577
0.001687
0.001697
0.001523
0.001724
0.001507
0.001490
0.001492
0.001568
0.001564
0.001863
0.001517
0.001547
0.001614
0.001627
0.002054
0.001656
0.001643
0.001922
0.001709
0.001827
0.001812
0.001507
0.001552
0.001954
0.002647
0.001474
0.001493
0.011732
0.001531
0.001727
0.001604
0.001653
0.001650
0.001708
0.001448
0.001738
0.001545
0.001555
0.001528
0.001625
0.004969
0.001593
0.001521
0.001524
0.001549
0.001544
0.001683
0.001574
0.001577
0.001560
0.001560
0.001537
0.001669
0.001681
0.001718
0.001538
0.002208
0.001548
0.001632
0.001838
0.004763
0.002083
0.001483
0.001534
0.012612
0.001670
0.001546
0.001721
0.001555
0.001514
0.001483
0.001627
0.001511
0.001509
0.001756
0.001899
0.001613
0.001847
0.001498
0.001614
0.001552
0.001772
0.014151
0.001462
0.015008
0.001526
0.001747
0.001676
0.001582
0.001580
0.001587
0.002681
0.001503
0.001563
0.001631
0.001629
0.001671
0.004550
0.001736
0.001466
0.001543
0.001518
0.001598
0.001572
0.001568
0.005258
0.001521
0.001546
0.001520
0.001519
0.001537
0.001608
0.011530
0.001592
0.001497
0.001684
0.001590
0.003939
0.007189
0.001584
0.001569
0.001631
0.001545
0.001702
0.001557
0.001513
0.001492
0.001612
0.001555
0.001570
0.001518
0.001669
0.001585
0.001678
0.001548
0.001539
0.001613
0.001972
0.001589
0.001463
0.013665
0.001536
0.001571
0.001800
0.001495
0.001676
0.001571
0.001501
0.001520
0.001655
0.002010
0.001574
0.001564
0.001762
0.001507
0.001590
0.001632
0.001571
0.001500
0.001608
0.001678
0.001614
0.001731
0.001594
0.006430
0.001594
0.001638
0.001533
0.001498
0.001540
0.001656
0.002751
0.001600
0.001639
0.001498
0.001468
0.001467
0.001625
0.001479
0.001545
0.001813
0.001603
0.002028
0.001566
0.001723
0.001609
0.001557
0.001475
0.001592
0.001592
0.001667
0.001492
0.001572
0.001708
0.001523
0.001655
0.001557
0.001518
0.001574
0.001683
0.001644
0.001541
0.001956
0.001531
0.001779
0.001577
0.001484
0.001524
0.001654
0.001521
0.001518
0.001845
0.001570
0.001630
0.001557
0.001670
0.001468
0.001723
0.001460
0.001526
0.033104
0.001593
0.001666
0.001658
0.001581
0.001653
0.001543
0.014881
0.001563
0.001522
0.001606
0.001598
0.001653
0.001758
0.001527
0.001670
0.001748
0.001621
0.001689
0.001737
0.001625
0.001646
0.001715
0.001849
0.001584
0.001688
0.001883
0.001550
0.011362
0.001536
0.021202
0.001451
0.001537
0.001618
0.001868
0.001594
0.001532
0.001808
0.001844
0.001539
0.001537
0.001645
0.001561
0.001632
0.001746
0.001516
0.002076
0.001600
0.001679
0.001655
0.001490
0.001546
0.001580
0.001550
0.001528
0.001599
0.043046
0.001518
0.001506
0.001617
0.001537
0.001497
0.001734
0.001748
0.001549
0.001593
0.001497
0.001677
0.001555
0.001594
0.001860
0.002290
0.001540
0.001729
0.001644
0.001627
0.001548
0.001593
0.001558
0.001784
0.001539
0.001518
0.002120
0.001617
0.001660
0.001497
0.001818
0.001548
0.001474
0.001532
0.001553
0.002927
0.001488
0.001595
0.001613
0.001570
0.001745
0.001577
0.002012
0.001752
0.001543
0.002319
0.002030
0.001616
0.001609
0.001587
0.001877
0.001553
0.001631
0.001518
0.001495
0.001665
0.001633
0.012297
0.001554
0.001560
0.001659
0.001541
0.001510
0.001498
0.001604
0.001883
0.008834
0.001525
0.001630
0.001529
0.001517
0.001658
0.001542
0.001614
0.001697
0.001566
0.001544
0.001805
0.001598
0.001610
0.001600
0.001623
0.001536
0.001617
0.001538
0.001504
0.001443
0.001549
0.001550
0.001814
0.001871
0.001597
0.001511
0.027982
0.001529
0.001708
0.001541
0.001787
0.001665
0.001528
0.001517
0.001523
0.001662
0.001460
0.001589
0.001807
0.001495
0.001909
0.001630
0.001637
0.001583
0.001813
0.001545
0.001768
0.001512
0.001488
0.001704
0.001650
0.001478
0.001476
0.001509
0.001527
0.001491
0.001643
0.001624
0.001573
0.001559
0.001926
0.001647
0.001643
0.001615
0.001626
0.001646
0.001540
0.001931
0.001648
0.001470
0.001456
0.001478
0.001461
0.001583
0.001612
0.001924
0.017806
0.001532
0.001638
0.001583
0.001575
0.001582
0.001695
0.001630
0.001911
0.001528
0.001560
0.001572
0.001528
0.001831
0.001540
0.001535
0.001791
0.001703
0.001541
0.001716
0.001970
0.001734
0.001614
0.001549
0.001502
0.001732
0.001598
0.001600
0.001589
0.001619
0.001858
0.001677
0.001526
0.001675
0.001497
0.001535
0.001599
0.001535
0.001558
0.001485
0.001800
0.001570
0.001516
0.001675
0.001611
0.001439
0.001575
0.001566
0.001849
0.001516
0.001508
0.001702
0.001656
0.001686
0.001550
0.001492
0.001521
0.001495
0.001771
0.001537
0.001438
0.001548
0.002636
0.001779
0.001556
0.001503
0.017160
0.001611
0.001675
0.042983
0.001521
0.001601
0.001660
0.001622
0.001788
0.001613
0.001732
0.001724
0.001727
0.001542
0.001533
0.001518
0.001488
0.001648
0.001821
0.001599
0.001540
0.001503
0.002162
0.001597
0.001613
0.013272
0.001648
0.028639
0.001569
0.001496
0.001757
0.010484
0.001546
0.010400
0.001584
0.001457
0.009766
0.002442
0.009739
0.104311
0.001656
0.001474
0.001545
0.001787
0.001853
0.001488
0.001623
0.001599
0.001461
0.001520
0.001640
0.001620
0.001478
0.001603
0.008683
0.001517
0.001726
0.001612
0.001674
0.001641
0.001562
0.001527
0.001596
0.001572
0.001713
0.001549
0.001440
0.001543
0.001524
0.001511
0.001738
0.001658
0.001597
0.001593
0.001543
0.001518
0.001855
0.001541
0.001781
0.001618
0.001678
0.001498
0.001571
0.001587
0.001554
0.001532
0.001598
0.001602
0.001546
0.001582
0.001616
0.001439
0.001820
0.001464
0.001671
0.001618
0.002290
0.001561
0.001499
0.001529
0.001423
0.001464
0.001630
0.062507
0.001645
0.001648
0.001489
0.001689
0.001621
0.001510
0.001549
0.001817
0.001644
0.001513
0.001512
0.001577
0.001572
0.001852
0.001555
0.001518
0.009047
0.001718
0.001817
0.001602
0.001644
0.001522
0.001488
0.001520
0.001765
0.001485
0.001486
0.001619
0.001708
0.002112
0.001644
0.001616
0.001924
0.001551
0.001540
0.001652
0.001656
0.011655
0.001718
0.001501
0.001513
0.001566
0.001609
0.001917
0.001632
0.001450
0.001607
0.001513
0.001735
0.001697
0.001683
0.002037
0.001563
0.001586
0.001639
0.001528
0.001538
0.003132
0.001671
0.001512
0.001701
0.001564
0.001570
0.001500
0.010745
0.001532
0.001667
0.001576
0.001642
0.001549
0.001505
0.001481
0.001679
0.001576
0.001529
0.001613
0.001517
0.002943
0.001675
0.001671
0.010844
0.001905
0.001527
0.001774
0.001610
0.001510
0.001556
0.001672
0.001497
0.001514
0.001549
0.001497
0.001525
0.001565
0.001582
0.001553
0.001585
0.001700
0.001723
0.001756
0.001781
0.001519
0.001524
0.001706
0.001600
0.016600
0.001521
0.001642
0.001505
0.001571
0.001753
0.001542
0.001494
0.009848
0.001526
0.001483
0.001747
0.001504
0.001521
0.001519
0.001509
0.001596
0.050633
0.001625
0.001499
0.001909
0.001549
0.001553
0.002109
0.001707
0.001630
0.001736
0.001868
0.001528
0.001795
0.001682
0.001890
0.001487
0.006171
0.001667
0.001535
0.001605
0.001712
0.001616
0.001588
0.001570
0.001751
0.012329
0.001564
0.001529
0.001750
0.001547
0.001685
0.001605
0.001491
0.001581
0.001688
0.001506
0.001564
0.001556
0.001560
0.001693
0.001699
0.001521
0.001553
0.001616
0.001605
0.001674
0.001913
0.001626
0.001592
0.001521
0.001977
0.001440
0.001473
0.001552
0.001563
0.001644
0.001613
0.001788
0.001625
0.001657
0.001625
0.002103
0.001511
0.001545
0.001774
0.001534
0.001479
0.001561
0.001480
0.001493
0.001651
0.001611
0.001508
0.001505
0.001682
0.001480
0.001527
0.001518
0.001533
0.001631
0.001552
0.001569
0.001541
0.001866
0.001424
0.001551
0.001505
0.001524
0.001520
0.001633
0.001798
0.001707
0.001704
0.001539
0.001503
0.004993
0.001512
0.001612
0.001618
0.001492
0.001475
0.001636
0.001533
0.001629
0.001511
0.001473
0.001628
0.001793
0.001629
0.001547
0.001729
0.001779
0.001656
0.001670
0.001820
0.001580
0.001605
0.002005
0.001573
0.001525
0.001509
0.001505
0.001536
0.001520
0.001611
0.001504
0.001513
0.014509
0.001687
0.001518
0.001567
0.001524
0.001591
0.001539
0.001463
0.011208
0.001549
0.001629
0.001498
0.001515
0.001485
0.002223
0.001535
0.001610
0.001519
0.001523
0.001740
0.001532
0.001621
0.001705
0.001511
0.001506
0.001634
0.001537
0.001699
0.004505
0.007745
0.001697
0.001531
0.001604
0.001568
0.001572
0.002045
0.001567
0.001571
0.001545
0.001519
0.001564
0.001518
0.001505
0.001770
0.001706
0.001456
0.012103
0.001479
0.001772
0.001566
0.001557
0.001452
0.001501
0.001483
0.001639
0.001680
0.001662
0.001987
0.001532
0.001591
0.001539
0.002390
0.001532
0.001537
0.001700
0.001500
0.013679
0.001588
0.001623
0.001555
0.001665
0.002103
0.001581
0.001556
0.001926
0.001603
0.001603
0.001552
0.001487
0.001905
0.001492
0.001744
0.001569
0.001512
0.001611
0.001929
0.001611
0.001562
0.001527
0.001568
0.001573
0.001820
0.001959
0.001539
0.001561
0.015269
0.001675
0.001513
0.001774
0.001996
0.001529
0.001569
0.001845
0.001587
0.001500
0.001650
0.001519
0.001837
0.005376
0.001707
0.001555
0.001659
0.001588
0.001536
0.001520
0.001621
0.001625
0.001620
0.001614
0.001567
0.001734
0.001753
0.001656
0.001500
0.015146
0.001618
0.001573
0.001502
0.001741
0.001971
0.001555
0.001643
0.001551
0.001627
0.001544
0.001840
0.001610
0.001570
0.001997
0.001497
0.001674
0.001517
0.001510
0.001520
0.001692
0.001544
0.002005
0.001557
0.001990
0.001775
0.001558
0.001998
0.001593
0.001922
0.001747
0.001608
0.001590
0.001582
0.006835
0.001568
0.001730
0.001834
0.001653
0.001682
0.001421
0.001448
0.001662
0.001630
0.001808
0.001605
0.001739
0.001518
0.001439
0.001514
0.001566
0.001605
0.001677
0.001508
0.001470
0.001611
0.001687
0.001479
0.001626
0.001638
0.001623
0.001522
0.001688
0.001530
0.001587
0.001515
0.015528
0.001806
0.001562
0.001637
0.001567
0.001537
0.001963
0.002139
0.001515
0.001934
0.001514
0.001739
0.001571
0.001492
0.001483
0.001699
0.001710
0.001685
0.002410
0.001514
0.002089
0.001627
0.001765
0.001558
0.001638
0.001580
0.002379
0.001552
0.038203
0.001526
0.001885
0.001532
0.001733
0.001557
0.001705
0.001544
0.001486
0.001642
0.001637
0.001683
0.001523
0.001537
0.001653
0.001878
0.001557
0.002090
0.011818
0.001856
0.001604
0.075943
0.010543
0.001653
0.009852
0.001718
0.001617
0.052417
0.001642
0.011333
0.010580
0.001825
0.001528
0.001716
0.008405
0.009278
0.001672
0.001580
0.006278
0.001454
0.001531
0.002327
0.001558
0.001618
0.001550
0.001483
0.001534
0.001626
0.001704
0.001511
0.001501
0.001701
0.001528
0.001633
0.001542
0.001655
0.001544
0.004674
0.001477
0.001536
0.001681
0.001511
0.001646
0.002088
0.001814
0.003329
0.001684
0.001624
0.001768
0.001622
0.001674
0.001640
0.001506
0.001599
0.002505
0.001537
0.001681
0.001478
0.001765
0.001677
0.014561
0.001555
0.001916
0.001629
0.001618
0.001689
0.001852
0.008282
0.001505
0.001838
0.001527
0.001630
0.001483
0.001516
0.001586
0.001597
0.001479
0.001436
0.001480
0.001850
0.001481
0.003172
0.001481
0.001479
0.001775
0.001472
0.001472
0.001578
0.001651
0.001584
0.001608
0.001658
0.001624
0.001525
0.001603
0.002431
0.001512
0.001739
0.001659
0.001516
0.001574
0.007841
0.001557
0.001514
0.001886
0.001481
0.001516
0.001559
0.001785
0.001583
0.001473
0.001643
0.001537
0.001662
0.001514
0.001505
0.001498
0.001609
0.001554
0.001628
0.001519
0.001640
0.001485
0.001703
0.001686
0.003776
0.001476
0.001545
0.001551
0.001560
0.001425
0.001489
0.001530
0.001604
0.001510
0.001613
0.001582
0.001621
0.001494
0.001760
0.001734
0.001616
0.001655
0.001597
0.001613
0.011058
0.001631
0.001581
0.002888
0.001605
0.001694
0.001471
0.001560
0.001626
0.001491
0.001521
0.001569
0.001591
0.004651
0.001508
0.001474
0.001540
0.001542
0.001512
0.001529
0.001814
0.001484
0.001521
0.001521
0.001557
0.001466
0.001720
0.001647
0.001639
0.001719
0.001579
0.001658
0.001642
0.001515
0.001869
0.008222
0.001457
0.001770
0.001590
0.001470
0.001518
0.001613
0.001520
0.001653
0.001535
0.019416
0.001529
0.001473
0.001573
0.001532
0.001536
0.001776
0.001645
0.001599
0.038543
0.001481
0.002125
0.001616
0.001542
0.001457
0.001513
0.001504
0.001610
0.001495
0.001647
0.001545
0.001709
0.002395
0.001602
0.001506
0.001609
0.001661
0.001559
0.012040
0.001547
0.001656
0.001604
0.001672
0.001658
0.001636
0.001518
0.001463
0.005559
0.001568
0.001516
0.001525
0.001588
0.001483
0.001502
0.001545
0.001508
0.001472
0.001637
0.001697
0.001595
0.001511
0.002738
0.001526
0.001534
0.001522
0.001657
0.001523
0.001518
0.001537
0.001520
0.001536
0.001486
0.001580
0.001552
0.001655
0.001829
0.001637
0.001679
0.001542
0.001716
0.001544
0.001833
0.001558
0.001548
0.001586
0.001625
0.001684
0.001665
0.001728
0.001480
0.001746
0.001558
0.001513
0.001513
0.001746
0.001580
0.001565
0.001495
0.001495
0.001769
0.001634
0.001612
0.001525
0.001551
0.001526
0.001509
0.002240
0.001614
0.015258
0.001653
0.001681
0.001812
0.001648
0.010963
0.001650
0.001461
0.001702
0.001658
0.001679
0.001515
0.001642
0.001487
0.001728
0.001654
0.001555
0.001604
0.001533
0.001552
0.001657
0.001508
0.001500
0.001785
0.001631
0.001649
0.003465
0.001701
0.001546
0.001599
0.001688
0.001526
0.001607
0.001541
0.001542
0.001504
0.001674
0.001504
0.001631
0.004761
0.001770
0.001588
0.001482
0.001468
0.002384
0.001536
0.002035
0.001672
0.001697
0.001759
0.001566
0.001929
0.001583
0.001587
0.001503
0.001913
0.001766
0.001798
0.001716
0.001631
0.001660
0.002839
0.001565
0.001525
0.001962
0.001581
0.001565
0.001514
0.001597
0.001463
0.001500
0.001523
0.001571
0.001482
0.001817
0.001682
0.001664
0.035778
0.001583
0.001629
0.001499
0.001481
0.001562
0.001542
0.001517
0.001533
0.037745
0.001690
0.001508
0.001539
0.001501
0.001679
0.001610
0.001583
0.001658
0.001536
0.001526
0.001582
0.001637
0.001573
0.001735
0.015554
0.001560
0.001770
0.001590
0.001597
0.001600
0.001662
0.001536
0.001588
0.006383
0.001569
0.001511
0.001566
0.001569
0.001680
0.001570
0.001534
0.001542
0.002430
0.001506
0.001690
0.001594
0.001528
0.001523
0.001529
0.001515
0.001502
0.102476
0.001994
0.001471
0.001636
0.001643
0.001504
0.001805
0.001524
0.001633
0.001536
0.002012
0.001719
0.001687
0.001613
0.001559
0.001567
0.012101
0.001873
0.001546
0.001578
0.001484
0.002881
0.001514
0.001583
0.001595
0.001579
0.001485
0.001622
0.001533
0.005061
0.001787
0.001518
0.001523
0.001630
0.001477
0.001537
0.001525
0.001567
0.001566
0.001502
0.001522
0.001567
0.005051
0.001993
0.004584
0.001462
0.001807
0.001580
0.001698
0.001630
0.001534
0.001924
0.001549
0.001509
0.001661
0.001587
0.001941
0.001888
0.001613
0.001547
0.001495
0.001532
0.001798
0.001504
0.001565
0.001962
0.001532
0.001812
0.001673
0.001573
0.001963
0.001606
0.001715
0.001593
0.001631
0.001543
0.001895
0.001727
0.001566
0.010698
0.001507
0.001570
0.001600
0.001506
0.001869
0.001914
0.001601
0.001492
0.001488
0.001661
0.001508
0.001770
0.001509
0.001626
0.001691
0.001551
0.001660
0.001658
0.001523
0.001662
0.001538
0.001520
0.001497
0.001590
0.001580
0.001876
0.001713
0.001540
0.001629
0.001858
0.001643
0.001741
0.001524
0.001694
0.001638
0.002195
0.001564
0.001652
0.001502
0.001535
0.001730
0.030429
0.001570
0.001493
0.001523
0.001571
0.001586
0.048095
0.001513
0.001588
0.001759
0.001533
0.001502
0.001536
0.001504
0.001661
0.001476
0.001546
0.002524
0.001627
0.001893
0.001580
0.001458
0.001736
0.026616
0.001639
0.001526
0.001459
0.001595
0.001874
0.001590
0.001625
0.001569
0.001513
0.001564
0.001511
0.001582
0.001465
0.001544
0.001684
0.001578
0.001616
0.001499
0.001701
0.001628
0.001753
0.001527
0.001560
0.001521
0.001811
0.001678
0.001562
0.001533
0.001615
0.033595
0.001462
0.001558
0.001528
0.001458
0.001812
0.001541
0.001553
0.001716
0.001619
0.001562
0.001527
0.001676
0.001511
0.001664
0.001627
0.001515
0.001538
0.001624
0.001524
0.001575
0.001591
0.001596
0.001500
0.002631
0.001568
0.001670
0.001519
0.001508
0.001590
0.001509
0.001550
0.001497
0.001508
0.001580
0.001672
0.001649
0.001601
0.001714
0.001715
0.001469
0.001598
0.001461
0.011633
0.001596
0.001532
0.001572
0.001519
0.001642
0.001554
0.001496
0.001790
0.001504
0.001550
0.002359
0.001617
0.001885
0.001446
0.001511
0.001696
0.001551
0.014565
0.001529
0.001717
0.001615
0.001592
0.001580
0.001543
0.001520
0.001595
0.001754
0.001638
0.001546
0.001575
0.001493
0.001562
0.001724
0.001996
0.001574
0.001649
0.001540
0.001843
0.001547
0.001552
0.001539
0.002638
0.001634
0.001515
0.001592
0.001482
0.001876
0.001684
0.001754
0.001811
0.001646
0.001720
0.001624
0.001619
0.001524
0.001578
0.001595
0.001457
0.001547
0.001633
0.001722
0.001527
0.001989
0.001543
0.001510
0.001455
0.001507
0.001476
0.001759
0.001480
0.001587
0.001434
0.001496
0.005456
0.001587
0.001486
0.001621
0.001570
0.001559
0.001818
0.001469
0.001604
0.001467
0.001581
0.001620
0.001566
0.001591
0.001586
0.001676
0.001507
0.001549
0.001701
0.001616
0.001567
0.001458
0.001562
0.001875
0.001614
0.001596
0.001625
0.001581
0.001564
0.001709
0.001658
0.001726
0.001626
0.001609
0.001809
0.001477
0.001502
0.001690
0.001523
0.001505
0.001504
0.001480
0.001472
0.001636
0.001582
0.001475
0.001617
0.001642
0.001513
0.001731
0.001560
0.001509
0.001575
0.001529
0.001475
0.001535
0.001439
0.001499
0.001600
0.001727
0.001620
0.001584
0.001562
0.001737
0.001681
0.001567
0.001666
0.070539
0.001765
0.001631
0.001577
0.001574
0.001626
0.007711
0.001468
0.001915
0.001482
0.001452
0.001460
0.002247
0.001656
0.001527
0.001512
0.001537
0.001674
0.001622
0.001661
0.003838
0.001513
0.001461
0.001778
0.001505
0.001529
0.002924
0.001652
0.034949
0.001648
0.001655
0.002093
0.001508
0.001499
0.001720
0.001507
0.001680
0.001492
0.001606
0.014842
0.001674
0.001517
0.001667
0.001533
0.001798
0.001478
0.001565
0.001604
0.001466
0.001618
0.001744
0.001642
0.001475
0.001612
0.001539
0.001612
0.001545
0.001635
0.001513
0.001618
0.001675
0.001545
0.001537
0.002162
0.001553
0.001516
0.001469
0.001572
0.001422
0.001483
0.001504
0.001556
0.001668
0.001522
0.001463
0.001474
0.001543
0.001513
0.001569
0.004326
0.001647
0.001579
0.001711
0.001936
0.001666
0.001587
0.001528
0.001998
0.001529
0.001726
0.001532
0.001486
0.001504
0.001603
0.001764
0.001533
0.001679
0.001599
0.002546
0.001445
0.001556
0.001502
0.001564
0.001562
0.001694
0.001549
0.001469
0.001524
0.001539
0.001458
0.001831
0.001574
0.001524
0.001454
0.001767
0.001496
0.001489
0.001586
0.001730
0.001602
0.001505
0.001550
0.001481
0.001842
0.001762
0.001575
0.001579
0.010692
0.001487
0.001554
0.001658
0.001830
0.001448
0.001578
0.001421
0.001553
0.001508
0.001641
0.001666
0.001512
0.001592
0.001698
0.001723
0.001610
0.001510
0.001656
0.001610
0.001488
0.001612
0.001661
0.001546
0.001500
0.010743
0.001549
0.001544
0.001584
0.044438
0.001513
0.001582
0.001555
0.001650
0.002077
0.001549
0.001589
0.001715
0.001480
0.001511
0.001847
0.001539
0.001645
0.001538
0.001683
0.001848
0.001532
0.001601
0.001718
0.001608
0.001704
0.001538
0.001522
0.001499
0.001748
0.001665
0.001621
0.001633
0.001520
0.001679
0.001480
0.001687
0.001522
0.001599
0.001951
0.001576
0.001734
0.001583
0.001570
0.001550
0.001519
0.001498
0.002111
0.001472
0.001589
0.001793
0.001587
0.001424
0.001486
0.001428
0.001543
0.001628
0.001562
0.001448
0.001506
0.001521
0.045985
0.001491
0.001591
0.001480
0.001577
0.001565
0.001773
0.001689
0.001463
0.001518
0.001667
0.002674
0.001691
0.001559
0.001681
0.001679
0.001580
0.001579
0.001578
0.001687
0.001528
0.001501
0.001573
0.001605
0.001732
0.001628
0.001720
0.001582
0.060773
0.001513
0.001480
0.001504
0.001766
0.001540
0.001545
0.001639
0.001807
0.001721
0.001496
0.001453
0.001675
0.002689
0.001754
0.001594
0.001688
0.001482
0.001680
0.001584
0.001717
0.001448
0.001517
0.001554
0.002127
0.007166
0.001537
0.001522
0.001539
0.001590
0.001509
0.001530
0.001513
0.001689
0.001531
0.001552
0.001749
0.001555
0.001523
0.001639
0.001473
0.001866
0.001691
0.001495
0.001522
0.001924
0.001588
0.001645
0.001639
0.015739
0.001544
0.001643
0.001582
0.001666
0.001544
0.001609
0.001509
0.001569
0.001493
0.001810
0.001707
0.001649
0.001894
0.001518
0.001553
0.001489
0.001707
0.001547
0.001591
0.001639
0.001499
0.001730
0.001496
0.001635
0.001569
0.001476
0.001516
0.001539
0.001544
0.001538
0.001653
0.001923
0.001575
0.001617
0.001645
0.001546
0.001773
0.001424
0.001595
0.001600
0.001575
0.001578
0.001465
0.050607
0.001559
0.001722
0.001547
0.001526
0.001515
0.001556
0.001789
0.001613
0.001514
0.001599
0.001670
0.001513
0.005942
0.001911
0.001633
0.001492
0.001518
0.001500
0.001619
0.001804
0.001618
0.001838
0.002487
0.001605
0.001533
0.001764
0.001665
0.001569
0.001637
0.001498
0.001614
0.001513
0.014603
0.001470
0.001873
0.001433
0.001580
0.001491
0.001629
0.047904
0.001598
0.001547
0.001519
0.001504
0.025884
0.001579
0.001491
0.001549
0.001525
0.001921
0.001551
0.001492
0.001501
0.001591
0.001486
0.001718
0.001588
0.001671
0.001559
0.001582
0.001562
0.002350
0.001701
0.001548
0.001590
0.001599
0.001535
0.001786
0.001533
0.001488
0.001659
0.001535
0.001768
0.001554
0.001500
0.057427
0.001714
0.001519
0.001678
0.001544
0.001584
0.006606
0.021684
0.001542
0.001556
0.001792
0.001561
0.001620
0.001688
0.001619
0.001728
0.001551
0.001518
0.001496
0.001572
0.002226
0.001612
0.001601
0.001688
0.001801
0.001484
0.007347
0.001587
0.002002
0.001527
0.001563
0.001635
0.001668
0.001539
0.001499
0.001466
0.001704
0.001603
0.001588
0.001510
0.001641
0.001588
0.001597
0.001645
0.001609
0.001710
0.001621
0.001594
0.001536
0.001543
0.001612
0.001498
0.001561
0.001479
0.001481
0.001529
0.001564
0.001627
0.001891
0.001675
0.001499
0.001679
0.001450
0.001617
0.001878
0.001557
0.001612
0.001751
0.001768
0.001903
0.009151
0.001528
0.001523
0.001596
0.001456
0.001527
0.001582
0.001517
0.001901
0.001667
0.001626
0.002126
0.001579
0.001682
0.001508
0.001525
0.001544
0.001541
0.001672
0.001681
0.001541
0.001555
0.001654
0.001594
0.001905
0.001564
0.001989
0.001563
0.001586
0.001685
0.001588
0.001820
0.001626
0.074591
0.001512
0.003388
0.006430
0.006283
0.014871
0.001523
0.001825
0.001541
0.001544
0.001690
0.001675
0.001810
0.001561
0.001503
0.001547
0.001460
0.001592
0.001709
0.001585
0.001518
0.001520
0.001619
0.001586
0.001581
0.001565
0.001470
0.001771
0.001778
0.001765
0.001488
0.001489
0.001793
0.001598
0.001755
0.001598
0.001503
0.001870
0.001614
0.001694
0.001679
0.001827
0.001587
0.001520
0.001542
0.001439
0.001605
0.001578
0.001643
0.007496
0.001625
0.001762
0.001735
0.001611
0.001713
0.001621
0.001477
0.001516
0.001514
0.001819
0.002125
0.001568
0.001635
0.002000
0.001597
0.001633
0.001582
0.002236
0.001648
0.001619
0.001621
0.001539
0.011794
0.001578
0.001535
0.001868
0.001796
0.001677
0.001674
0.002050
0.001475
0.001571
0.001905
0.005607
0.001626
0.001546
0.001780
0.001626
0.001647
0.001932
0.001608
0.001512
0.001645
0.001514
0.001629
0.001621
0.001546
0.001511
0.001547
0.001502
0.001770
0.001497
0.001530
0.001656
0.001823
0.001630
0.001849
0.001637
0.001733
0.001657
0.001857
0.001656
0.001711
0.001858
0.012070
0.001477
0.001859
0.011046
0.001868
0.001553
0.001570
0.001701
0.001613
0.001723
0.001528
0.002696
0.001453
0.001567
0.001567
0.001570
0.001462
0.001516
0.001860
0.001704
0.001527
0.007345
0.001557
0.001502
0.001618
0.001751
0.001628
0.001626
0.051537
0.001581
0.001517
0.001471
0.001546
0.004494
0.001588
0.001498
0.001551
0.002062
0.001503
0.001513
0.001637
0.001608
0.007701
0.001550
0.001854
0.001590
0.001532
0.001504
0.001679
0.002120
0.001556
0.001690
0.001769
0.001578
0.001486
0.001730
0.001701
0.093432
0.001504
0.001596
0.001638
0.001803
0.001527
0.001606
0.001468
0.001539
0.001698
0.001558
0.001535
0.001769
0.001673
0.001566
0.001935
0.001648
0.001772
0.001763
0.001687
0.001604
0.001494
0.001953
0.001702
0.001673
0.001611
0.001556
0.002103
0.001626
0.001544
0.001587
0.001643
0.001891
0.001657
0.001565
0.001639
0.001652
0.004129
0.001695
0.001502
0.001700
0.001923
0.001470
0.001531
0.001605
0.002448
0.001593
0.001547
0.001513
0.001546
0.001728
0.002711
0.001600
0.001686
0.001690
0.001542
0.001577
0.001708
0.001498
0.001586
0.001541
0.001440
0.001606
0.006730
0.009095
0.001988
0.001580
0.001613
0.001648
0.001684
0.001619
0.001484
0.001454
0.001713
0.001776
0.001820
0.001505
0.001607
0.001753
0.001629
0.001550
0.001704
0.012251
0.001665
0.001579
0.001776
0.001602
0.001476
0.001575
0.001731
0.001480
0.001541
0.001640
0.001526
0.001621
0.001478
0.001633
0.001678
0.001705
0.001573
0.001494
0.001720
0.001554
0.001639
0.001497
0.001560
0.001756
0.001475
0.001491
0.001687
0.001558
0.001706
0.001520
0.001606
0.001502
0.001534
0.001532
0.001851
0.001512
0.001474
0.001771
0.001648
0.001581
0.001516
0.001530
0.001536
0.001652
0.001521
0.001496
0.001600
0.002057
0.001582
0.001511
0.001601
0.001644
0.001484
0.001714
0.001557
0.001525
0.001612
0.001675
0.001586
0.001573
0.001553
0.001743
0.001653
0.001532
0.001546
0.001541
0.001621
0.001833
0.001499
0.001526
0.001537
0.001504
0.001745
0.001501
0.001538
0.001673
0.001742
0.001828
0.001529
0.001470
0.001688
0.001729
0.001673
0.013779
0.001552
0.001581
0.001498
0.001686
0.001541
0.001530
0.001579
0.087335
0.001558
0.001512
0.001742
0.001645
0.001519
0.001586
0.001677
0.001639
0.007287
0.013428
0.001550
0.002226
0.001646
0.001531
0.001803
0.001537
0.001500
0.001569
0.001662
0.001629
0.001591
0.001710
0.001460
0.001732
0.001604
0.001529
0.001545
0.001758
0.001598
0.001704
0.001562
0.001733
0.001540
0.010235
0.001746
0.001770
0.001491
0.001457
0.001534
0.001584
0.001744
0.001539
0.001587
0.001490
0.001592
0.001969
0.002670
0.002037
0.001581
0.001515
0.001723
0.001803
0.001599
0.001911
0.001527
0.001557
0.001733
0.001571
0.001570
0.001592
0.001677
0.001882
0.001815
0.002838
0.001633
0.001974
0.001542
0.001561
0.001679
0.001643
0.020350
0.001569
0.013144
0.016005
0.001580
0.001605
0.015067
0.001616
0.001614
0.001656
0.010147
0.001524
0.002026
0.001533
0.001489
0.009647
0.009133
0.001569
0.001570
0.001802
0.001541
0.001617
0.001672
0.001675
0.001616
0.001648
0.001547
0.014127
0.001839
0.001548
0.001487
0.001755
0.001551
0.001491
0.001609
0.001887
0.002435
0.001539
0.001505
0.001764
0.001609
0.001594
0.001794
0.001513
0.001697
0.001609
0.010920
0.001551
0.001521
0.001981
0.001492
0.001538
0.001582
0.001581
0.001535
0.001988
0.035785
0.001585
0.001751
0.001688
0.001572
0.003915
0.001600
0.001579
0.001543
0.001631
0.001695
0.001543
0.001871
0.001506
0.001527
0.001538
0.001614
0.001528
0.001905
0.001619
0.002883
0.001465
0.001565
0.002017
0.001770
0.001601
0.001637
0.001477
0.001622
0.001820
0.001547
0.001732
0.001579
0.001486
0.001553
0.001459
0.001679
0.001620
0.002072
0.002070
0.001649
0.001650
0.001510
0.001581
0.002023
0.001464
0.014168
0.001590
0.001875
0.001541
0.001503
0.001552
0.001540
0.001846
0.001533
0.001538
0.001527
0.001913
0.001668
0.001704
0.001671
0.001621
0.001643
0.012304
0.001555
0.002510
0.001499
0.001499
0.001485
0.001711
0.001564
0.001503
0.001478
0.001526
0.001642
0.001602
0.001995
0.001467
0.001699
0.001570
0.001654
0.001816
0.001524
0.017927
0.001703
0.001635
0.001588
0.001647
0.001618
0.001755
0.001543
0.006449
0.001548
0.001663
0.001579
0.001498
0.001698
0.001538
0.002592
0.001719
0.001612
0.001524
0.001632
0.001541
0.001588
0.001997
0.003490
0.002040
0.001534
0.001664
0.001462
0.001465
0.001550
0.001649
0.001641
0.001488
0.001520
0.001585
0.001466
0.001569
0.001652
0.001636
0.001589
0.001633
0.001508
0.001510
0.001542
0.001497
0.001862
0.001621
0.001500
0.001512
0.001517
0.001452
0.001608
0.001633
0.005207
0.001738
0.001755
0.001590
0.001637
0.001766
0.001543
0.001564
0.013830
0.001537
0.001525
0.001635
0.001487
0.001626
0.001763
0.001672
0.001469
0.001527
0.001951
0.001628
0.001616
0.001554
0.001549
0.001605
0.001715
0.001618
0.001425
0.001610
0.001616
0.001551
0.002012
0.001522
0.001569
0.001557
0.001483
0.001795
0.001521
0.001703
0.001652
0.001539
0.001490
0.001516
0.002789
0.001657
0.001586
0.001570
0.001552
0.001645
0.015360
0.001549
0.001637
0.001648
0.001609
0.003347
0.001556
0.001592
0.002086
0.001628
0.001568
0.001540
0.001529
0.001645
0.001894
0.001681
0.001645
0.001596
0.001723
0.002184
0.002052
0.001542
0.001545
0.001566
0.001544
0.002451
0.001422
0.001591
0.001621
0.001630
0.002128
0.001712
0.001684
0.001717
0.001546
0.001522
0.003960
0.001724
0.001531
0.001631
0.001481
0.001679
0.030242
0.001495
0.001694
0.001688
0.001668
0.001800
0.001604
0.012240
0.001577
0.001534
0.001687
0.001826
0.001518
0.001518
0.001637
0.001648
0.001601
0.001692
0.001504
0.001506
0.001585
0.001637
0.001614
0.001673
0.001550
0.001683
0.001515
0.029540
0.001523
0.001688
0.003113
0.001541
0.001538
0.001496
0.001591
0.001597
0.001579
0.002364
0.001596
0.001549
0.001504
0.001872
0.001515
0.001567
0.001505
0.001526
0.001554
0.013693
0.001531
0.001952
0.002258
0.001565
0.001730
0.001562
0.001506
0.001532
0.001477
0.001555
0.001561
0.001465
0.001520
0.003897
0.001482
0.001664
0.001463
0.001438
0.001479
0.001862
0.001693
0.052723
0.001764
0.001600
0.001779
0.001615
0.001776
0.001532
0.001536
0.001469
0.001510
0.001751
0.001627
0.001456
0.001562
0.001526
0.001682
0.001459
0.001534
0.001578
0.001465
0.001529
0.001500
0.001635
0.001451
0.001528
0.001620
0.001651
0.002105
0.001624
0.001450
0.001515
0.001515
0.001799
0.001516
0.001612
0.001583
0.001525
0.001564
0.001762
0.001561
0.001541
0.001893
0.001444
0.001567
0.001534
0.001508
0.001460
0.001766
0.001561
0.001444
0.001608
0.001754
0.001697
0.001579
0.001512
0.001508
0.001859
0.014408
0.001603
0.001595
0.001739
0.001587
0.001595
0.001593
0.001574
0.001656
0.001511
0.001512
0.001515
0.001642
0.001664
0.002329
0.001516
0.001698
0.001795
0.001543
0.001536
0.001513
0.001535
0.001573
0.001798
0.001557
0.001606
0.001554
0.001624
0.001558
0.010471
0.001547
0.001530
0.001549
0.001635
0.001507
0.001850
0.001578
0.001840
0.001560
0.001536
0.001485
0.001632
0.001678
0.001703
0.002383
0.001457
0.002159
0.001572
0.001639
0.001909
0.001872
0.001542
0.001535
0.001873
0.001604
0.001558
0.001694
0.001962
0.001619
0.001501
0.006069
0.001453
0.003173
0.001604
0.005395
0.001963
0.004029
0.001541
0.001629
0.001635
0.012013
0.003456
0.001668
0.001563
0.003899
0.002036
0.001527
0.001584
0.003942
0.001664
0.001504
0.001604
0.001705
0.001737
0.001644
0.001532
0.001630
0.001594
0.012451
0.001486
0.001539
0.001501
0.001561
0.001795
0.001939
0.001467
0.001621
0.001563
0.002339
0.001461
0.001528
0.001530
0.001515
0.001612
0.001496
0.001526
0.040443
0.001548
0.001769
0.001545
0.001562
0.001597
0.001958
0.001618
0.005149
0.001480
0.001494
0.001903
0.001543
0.004372
0.001694
0.001621
0.001542
0.001600
0.001532
0.001695
0.001598
0.001562
0.001516
0.001540
0.001527
0.001928
0.001741
0.001644
0.001549
0.001724
0.001720
0.001572
0.001523
0.001559
0.001939
0.001652
0.001608
0.001585
0.052100
0.001969
0.001941
0.001540
0.001884
0.001927
0.001652
0.001659
0.001638
0.002837
0.002089
0.002887
0.001977
0.002070
0.003223
0.002936
0.003705
0.003559
0.002721
0.002127
0.001638
0.001581
0.001522
0.001686
0.001511
0.001750
0.001579
0.001564
0.001738
0.001466
0.001594
0.001657
0.001699
0.001516
0.001530
0.001492
0.001514
0.001685
0.001891
0.001575
0.001478
0.001614
0.001596
0.001879
0.001529
0.001683
0.001555
0.001574
0.001749
0.001612
0.001496
0.001617
0.001681
0.001545
0.001594
0.001511
0.001543
0.001516
0.001643
0.001649
0.001557
0.001597
0.001735
0.001548
0.001795
0.001624
0.001532
0.001694
0.001582
0.001595
0.001655
0.001458
0.001476
0.001544
0.001616
0.001787
0.001607
0.001708
0.001779
0.001548
0.001485
0.001595
0.001940
0.002032
0.001542
0.001491
0.001947
0.001517
0.001512
0.001591
0.001516
0.001563
0.001513
0.001582
0.001589
0.001566
0.001600
0.001543
0.001786
0.001660
0.001712
0.001630
0.001572
0.006232
0.001589
0.001510
0.001461
0.012286
0.001523
0.001804
0.001541
0.001653
0.001544
0.001562
0.001687
0.001608
0.001566
0.002368
0.002099
0.001575
0.001501
0.001611
0.001539
0.001769
0.001641
0.001584
0.001628
0.001609
0.001574
0.001551
0.001613
0.001453
0.001547
0.001850
0.001553
0.001535
0.001591
0.001591
0.001543
0.001515
0.001639
0.001643
0.001686
0.001985
0.001575
0.001900
0.001582
0.001667
0.001491
0.001595
0.001619
0.015463
0.001510
0.001563
0.001561
0.001529
0.001679
0.001628
0.005542
0.002112
0.001899
0.002302
0.001626
0.001578
0.001799
0.001719
0.001611
0.001752
0.001776
0.001647
0.001668
0.001614
0.001600
0.001480
0.001540
0.002878
0.001587
0.001496
0.001545
0.001577
0.001500
0.001874
0.001417
0.001561
0.001844
0.001575
0.001859
0.001657
0.001696
0.001614
0.001632
0.001809
0.001664
0.001678
0.001642
0.001604
0.001559
0.012184
0.001655
0.001859
0.001730
0.001549
0.001731
0.001564
0.001729
0.001651
0.001685
0.001490
0.001911
0.001551
0.001651
0.001536
0.001494
0.001693
0.001618
0.001527
0.001682
0.001438
0.001550
0.001606
0.001821
0.001585
0.001619
0.001606
0.001682
0.001599
0.001994
0.001556
0.001520
0.001588
0.001586
0.001772
0.001549
0.001492
0.001650
0.001645
0.001682
0.001535
0.001543
0.001512
0.001683
0.017766
0.002777
0.001702
0.001879
0.001602
0.001860
0.001750
0.001759
0.001668
0.001777
0.002088
0.001528
0.001528
0.001675
0.001605
0.001610
0.001577
0.001543
0.001532
0.001803
0.001574
0.001574
0.001700
0.001568
0.001489
0.004424
0.001561
0.001681
0.001531
0.001575
0.001531
0.001550
0.001607
0.001543
0.001653
0.001478
0.001478
0.006910
0.001554
0.001659
0.001602
0.001537
0.001521
0.001854
0.001473
0.001497
0.001512
0.001908
0.001800
