0.070548
0.027243
0.012005
0.010080
0.005450
0.008686
0.002009
0.010221
0.002173
0.002117
0.008746
0.013007
0.003645
0.002070
0.011181
0.001999
0.016671
0.013984
0.006628
0.002086
0.030895
0.010459
0.049939
0.008269
0.009710
0.003335
0.009332
0.002143
0.002029
0.012456
0.002220
0.007722
0.001999
0.002005
0.010847
0.002078
0.002082
0.009937
0.001987
0.014712
0.008215
0.008888
0.007213
0.002048
0.002114
0.007634
0.002882
0.013817
0.002245
0.002061
0.006718
0.002060
0.002105
0.010024
0.002136
0.009620
0.001963
0.002077
0.013781
0.002349
0.008107
0.002066
0.002014
0.008023
0.002002
0.002063
0.002034
0.008871
0.013925
0.002370
0.009368
0.002202
0.001991
0.002022
0.010125
0.002945
0.013935
0.012178
0.002012
0.009476
0.001983
0.002056
0.007553
0.021030
0.002809
0.007342
0.002384
0.002009
0.008270
0.002044
0.002084
0.008008
0.002145
0.002894
0.011126
0.002968
0.010998
0.002065
0.002141
0.005825
0.002028
0.004433
0.010589
0.003370
0.011295
0.002212
0.007483
0.002037
0.018545
0.009995
0.002003
0.001883
0.012864
0.002572
0.007389
0.005036
0.012163
0.001966
0.011028
0.001976
0.002007
0.009838
0.011533
0.001949
0.002089
0.015156
0.002107
0.013401
0.012865
0.002749
0.007294
0.006240
0.010185
0.002052
0.001995
0.006039
0.001980
0.002126
0.014267
0.009340
0.003125
0.001973
0.008070
0.002201
0.015135
0.002811
0.010407
0.013973
0.021324
0.007077
0.035833
0.016446
0.002001
0.014199
0.002065
0.012091
0.010519
0.003224
0.013271
0.002250
0.008105
0.002087
0.002239
0.011282
0.003391
0.007328
0.005040
0.001927
0.007637
0.002008
0.002112
0.008991
0.002394
0.001985
0.008074
0.002485
0.001986
0.007836
0.002177
0.010630
0.001951
0.001919
0.001859
0.009485
0.002027
0.014408
0.002372
0.008778
0.002014
0.002165
0.006657
0.002031
0.002356
0.011610
0.015693
0.002046
0.014475
0.007752
0.003405
0.001938
0.008922
0.002012
0.014259
0.004893
0.007274
0.002103
0.002311
0.007253
0.002792
0.002686
0.009892
0.022986
0.007385
0.002465
0.002088
0.007565
0.002018
0.002006
0.007628
0.002012
0.010536
0.002315
0.002413
0.006437
0.002067
0.012783
0.003055
0.002365
0.009851
0.002122
0.002074
0.006041
0.002096
0.002296
0.002028
0.011037
0.001996
0.007570
0.002027
0.001914
0.008861
0.004954
0.011612
0.002703
0.010088
0.002028
0.002188
0.011932
0.002005
0.011351
0.001971
0.010794
0.001893
0.002182
0.009868
0.002112
0.002027
0.008535
0.002082
0.002080
0.006445
0.014471
0.008145
0.002108
0.001970
0.015882
0.022146
0.012935
0.018478
0.006863
0.002479
0.030619
0.007199
0.002558
0.025706
0.042240
0.010388
0.014352
0.003984
0.007668
0.002037
0.001987
0.009616
0.004017
0.009572
0.002016
0.002319
0.007980
0.001971
0.004249
0.007735
0.002109
0.003265
0.013709
0.009881
0.002076
0.002679
0.006140
0.001999
0.002168
0.013579
0.001998
0.012256
0.001980
0.007306
0.002023
0.003138
0.014931
0.010307
0.015396
0.002017
0.002121
0.006026
0.003613
0.002439
0.011084
0.002615
0.010831
0.002222
0.008646
0.005410
0.009517
0.002005
0.002385
0.010045
0.001908
0.008315
0.002134
0.003810
0.006874
0.002449
0.001986
0.006801
0.002399
0.002002
0.010206
0.002043
0.019346
0.011376
0.001996
0.008237
0.002065
0.015066
0.002236
0.007788
0.001973
0.002124
0.010888
0.002422
0.002067
0.009052
0.002193
0.009816
0.003647
0.002105
0.007978
0.002676
0.002118
0.007132
0.002030
0.001992
0.015574
0.010778
0.022326
0.011201
0.002060
0.012279
0.002040
0.015031
0.010949
0.002037
0.007214
0.004654
0.002073
0.005862
0.001972
0.010889
0.002026
0.002045
0.012707
0.001978
0.011381
0.002733
0.006123
0.002011
0.012527
0.002063
0.002180
0.010584
0.002002
0.002178
0.006566
0.001965
0.002473
0.009524
0.002098
0.001955
0.007890
0.002259
0.002032
0.007810
0.002459
0.009549
0.002787
0.002124
0.007045
0.002463
0.001959
0.012252
0.002014
0.043107
0.014395
0.007406
0.027905
0.006923
0.007491
0.002094
0.011751
0.001950
0.008124
0.002137
0.002045
0.008340
0.001969
0.013934
0.001942
0.012915
0.001996
0.001935
0.007628
0.005848
0.008389
0.002043
0.001996
0.012097
0.001979
0.007905
0.002265
0.001983
0.010546
0.003254
0.007164
0.002010
0.001904
0.001989
0.013090
0.002275
0.005683
0.002154
0.001932
0.011815
0.002642
0.011630
0.002045
0.010587
0.002065
0.002029
0.009858
0.002022
0.002370
0.006291
0.014990
0.003454
0.001977
0.007584
0.002123
0.001981
0.011555
0.001940
0.015163
0.002337
0.008023
0.001967
0.001942
0.007925
0.013605
0.001968
0.002001
0.012709
0.001987
0.008748
0.002051
0.002019
0.035248
0.010220
0.002054
0.012492
0.002140
0.007545
0.007311
0.006708
0.002020
0.001979
0.010640
0.002054
0.011867
0.001946
0.001986
0.008980
0.001946
0.002061
0.008058
0.002017
0.002098
0.016222
0.010008
0.002214
0.010070
0.002024
0.002269
0.012449
0.001939
0.008519
0.001995
0.001984
0.008658
0.002172
0.002233
0.009660
0.002015
0.002012
0.009462
0.001853
0.018391
0.008126
0.002114
0.002765
0.007752
0.002062
0.002197
0.007982
0.002073
0.002332
0.007700
0.002106
0.002019
0.009383
0.002201
0.013595
0.002389
0.007431
0.005716
0.039257
0.009949
0.013331
0.008329
0.020316
0.002066
0.012833
0.016970
0.006877
0.001962
0.002302
0.011836
0.003264
0.010349
0.001987
0.011038
0.005295
0.006463
0.002012
0.005251
0.007876
0.001998
0.002051
0.008198
0.002055
0.002325
0.007221
0.002204
0.002385
0.002019
0.008736
0.001983
0.005463
0.002709
0.002095
0.015366
0.002157
0.008898
0.002489
0.001974
0.016053
0.009982
0.002176
0.007810
0.001965
0.002029
0.011865
0.002712
0.010394
0.002013
0.011202
0.001999
0.002035
0.007645
0.002250
0.002659
0.011019
0.002057
0.002027
0.006322
0.003872
0.002427
0.007954
0.002023
0.011031
0.002149
0.002033
0.011634
0.002000
0.011017
0.002060
0.004119
0.008161
0.002414
0.021906
0.013825
0.014548
0.007934
0.001960
0.006264
0.002015
0.002543
0.010357
0.001958
0.011094
0.001901
0.012709
0.002180
0.010341
0.002052
0.002204
0.007950
0.002168
0.001977
0.007189
0.002071
0.004580
0.007034
0.002160
0.002005
0.010505
0.002113
0.002101
0.009354
0.017392
0.001972
0.008439
0.002395
0.001979
0.007692
0.002296
0.002436
0.007496
0.002578
0.002265
0.007244
0.002403
0.002360
0.009940
0.002208
0.009885
0.002099
0.001949
0.002018
0.006329
0.002392
0.001917
0.006905
0.008393
0.005913
0.002182
0.002367
0.011442
0.002028
0.002111
0.008438
0.002032
0.042304
0.008482
0.009803
0.002194
0.022234
0.015827
0.009105
0.008478
0.005381
0.011108
0.002006
0.015694
0.010688
0.001975
0.011336
0.001998
0.002143
0.013283
0.002069
0.007683
0.001982
0.002255
0.007924
0.001957
0.002130
0.008096
0.007714
0.005670
0.002204
0.002022
0.007932
0.002137
0.014125
0.002289
0.002143
0.011626
0.002303
0.005811
0.002037
0.002234
0.012957
0.002042
0.015166
0.007686
0.005187
0.008663
0.004984
0.010131
0.002575
0.002071
0.012248
0.001989
0.007870
0.002324
0.002019
0.010696
0.002134
0.026400
0.008481
0.016399
0.007082
0.003773
0.006198
0.001996
0.002047
0.022652
0.008517
0.007608
0.002954
0.002053
0.008715
0.003418
0.014577
0.002012
0.008134
0.001998
0.002187
0.007884
0.002195
0.002087
0.010710
0.001931
0.002067
0.009087
0.021860
0.011277
0.009511
0.002006
0.001969
0.001999
0.005783
0.001948
0.002042
0.001976
0.008763
0.001980
0.002220
0.009540
0.002004
0.009509
0.002090
0.001999
0.008705
0.012995
0.002085
0.003043
0.010786
0.001918
0.002097
0.006137
0.004513
0.006297
0.002197
0.001970
0.002222
0.011825
0.002105
0.008691
0.002135
0.001878
0.015730
0.011429
0.012492
0.002015
0.001965
0.039040
0.013779
0.009369
0.007488
0.019068
0.004940
0.005254
0.004642
0.015354
0.002421
0.005728
0.001992
0.001944
0.001987
0.013532
0.007356
0.002287
0.013136
0.002636
0.002211
0.008726
0.002012
0.013257
0.001979
0.002040
0.007424
0.002098
0.001995
0.007930
0.002051
0.010260
0.002127
0.001925
0.002037
0.009866
0.002291
0.009862
0.002315
0.010881
0.002232
0.007437
0.002264
0.002268
0.015542
0.001991
0.010163
0.004451
0.007365
0.005884
0.009731
0.014002
0.014559
0.003993
0.002030
0.007080
0.002003
0.011345
0.002200
0.003697
0.010420
0.002088
0.010027
0.002000
0.002121
0.010334
0.001965
0.002003
0.009151
0.002016
0.012044
0.002006
0.009889
0.021212
0.007293
0.002102
0.002194
0.005899
0.003035
0.002151
0.009507
0.001954
0.013714
0.002373
0.001926
0.011313
0.002220
0.006967
0.002822
0.016912
0.002013
0.009305
0.002009
0.002037
0.008135
0.002096
0.002972
0.006739
0.002550
0.002203
0.008045
0.002062
0.002264
0.011024
0.001970
0.002079
0.006786
0.001989
0.013437
0.002133
0.002273
0.006379
0.001960
0.002246
0.007287
0.002091
0.001967
0.002025
0.006815
0.007995
0.008450
0.001987
0.002235
0.006921
0.001973
0.001998
0.008752
0.002058
0.002193
0.007099
0.003383
0.002292
0.008275
0.001985
0.002112
0.007420
0.003212
0.002399
0.010302
0.002367
0.001996
0.051243
0.009542
0.026900
0.012634
0.008917
0.008727
0.002226
0.002485
0.007765
0.006463
0.006364
0.007092
0.013326
0.015808
0.007847
0.002271
0.001919
0.013996
0.002221
0.008673
0.002128
0.002065
0.008185
0.002061
0.002093
0.010909
0.001948
0.002046
0.005952
0.002329
0.002049
0.010259
0.003286
0.009748
0.003720
0.002245
0.008341
0.008183
0.005522
0.008190
0.002176
0.002098
0.010464
0.001622
0.002268
0.006483
0.002204
0.002186
0.009620
0.003958
0.011874
0.003594
0.007814
0.002725
0.002009
0.007927
0.002213
0.014418
0.002236
0.015958
0.007880
0.005423
0.013304
0.002045
0.008571
0.001978
0.001993
0.011801
0.025006
0.008559
0.013982
0.001967
0.011895
0.001919
0.007691
0.002653
0.002119
0.007665
0.002058
0.002380
0.015503
0.007268
0.002018
0.002255
0.007391
0.002281
0.002886
0.007452
0.002121
0.002129
0.001949
0.011740
0.002049
0.011158
0.002356
0.010554
0.003365
0.009182
0.012801
0.006050
0.009631
0.002320
0.001963
0.007735
0.002146
0.003597
0.007674
0.002122
0.001969
0.008474
0.001934
0.013555
0.001935
0.001970
0.006530
0.002113
0.013058
0.006122
0.009882
0.001966
0.012599
0.002048
0.011187
0.002081
0.046586
0.015753
0.001998
0.007350
0.023428
0.010846
0.002280
0.002170
0.007927
0.005914
0.007445
0.002040
0.002055
0.008536
0.002002
0.001915
0.011362
0.002127
0.011095
0.002068
0.001902
0.009493
0.002026
0.005906
0.002442
0.002065
0.002248
0.009411
0.002042
0.001986
0.008288
0.001901
0.014777
0.001990
0.013471
0.006632
0.019837
0.003908
0.013681
0.002275
0.007396
0.002098
0.002309
0.012099
0.002019
0.010379
0.002020
0.002132
0.010348
0.014098
0.001967
0.010019
0.003807
0.002035
0.007872
0.001967
0.002443
0.007151
0.002118
0.002097
0.007772
0.017928
0.001989
0.002236
0.006372
0.002001
0.002140
0.008716
0.002851
0.001921
0.009040
0.002481
0.002034
0.012082
0.025182
0.006983
0.011754
0.001945
0.010433
0.003276
0.002018
0.011970
0.008618
0.001829
0.004645
0.007175
0.002085
0.001984
0.002194
0.008990
0.002463
0.015068
0.009833
0.005314
0.012285
0.002064
0.015540
0.006276
0.002024
0.002430
0.010487
0.002090
0.011452
0.002174
0.001954
0.009337
0.002023
0.002031
0.008126
0.002195
0.002087
0.006993
0.002211
0.002001
0.011269
0.002118
0.010646
0.002019
0.002079
0.012258
0.002426
0.015051
0.012346
0.007422
0.004473
0.001988
0.008175
0.002023
0.001996
0.042074
0.011131
0.007968
0.002261
0.006055
0.002042
0.024412
0.010160
0.007362
0.002020
0.002032
0.009974
0.003669
0.002121
0.008175
0.004667
0.008142
0.001927
0.001917
0.012423
0.002522
0.013185
0.010765
0.006184
0.006434
0.002388
0.001971
0.009761
0.002240
0.001960
0.007035
0.001961
0.002391
0.008419
0.002011
0.002176
0.010999
0.001958
0.002008
0.007231
0.002018
0.002139
0.006859
0.002057
0.002315
0.007975
0.005381
0.002116
0.007330
0.002047
0.002110
0.015122
0.007345
0.002081
0.157655
0.012354
0.018394
0.012398
0.008626
0.002369
0.010065
0.002022
0.027067
0.008193
0.009306
0.002176
0.007958
0.002346
0.001930
0.010504
0.001957
0.012064
0.001978
0.001858
0.009298
0.002599
0.010532
0.002042
0.001961
0.008684
0.002307
0.002014
0.010622
0.001964
0.012911
0.002144
0.007825
0.015809
0.001784
0.002058
0.008623
0.002145
0.015302
0.003588
0.010832
0.002423
0.010761
0.002135
0.009967
0.002005
0.011747
0.001996
0.001936
0.007772
0.002230
0.001986
0.006727
0.002327
0.002519
0.047489
0.011857
0.002318
0.001988
0.012556
0.002193
0.026693
0.022248
0.010967
0.009019
0.001957
0.001951
0.016630
0.008347
0.001930
0.001967
0.011108
0.002016
0.002126
0.006416
0.002053
0.002171
0.009876
0.002319
0.002079
0.008330
0.002507
0.009296
0.002088
0.003887
0.006588
0.002944
0.002865
0.010846
0.002212
0.011210
0.002290
0.007861
0.015967
0.015152
0.002169
0.001765
0.008344
0.002294
0.002054
0.007692
0.002366
0.002059
0.007600
0.002938
0.002018
0.010557
0.002096
0.001932
0.008958
0.001955
0.002325
0.011246
0.002084
0.009794
0.002230
0.010797
0.006529
0.008599
0.002737
0.006546
0.006712
0.017813
0.013630
0.026955
0.008009
0.009342
0.010005
0.014709
0.014274
0.003794
0.002001
0.011119
0.002033
0.011634
0.002082
0.014802
0.010301
0.001971
0.002073
0.008578
0.001982
0.002091
0.008501
0.002030
0.002088
0.008153
0.003423
0.002032
0.013088
0.011414
0.002041
0.002108
0.009054
0.001942
0.002351
0.007122
0.002161
0.011351
0.002036
0.001958
0.009182
0.002005
0.002039
0.011950
0.002017
0.002265
0.008538
0.001968
0.011576
0.001989
0.010631
0.001989
0.002072
0.009712
0.002076
0.013132
0.001995
0.036438
0.018970
0.008787
0.013105
0.024470
0.011783
0.001983
0.002107
0.006593
0.002192
0.002179
0.002202
0.011783
0.013445
0.002275
0.008711
0.003276
0.002031
0.007471
0.001992
0.012262
0.002058
0.001954
0.014504
0.009221
0.004205
0.009416
0.003936
0.012940
0.001980
0.016185
0.006840
0.001806
0.001956
0.010786
0.003230
0.013187
0.010082
0.002314
0.003465
0.008226
0.002017
0.010246
0.002124
0.002177
0.001982
0.006018
0.002026
0.004261
0.006773
0.002264
0.002022
0.007121
0.003524
0.002115
0.007371
0.002158
0.001903
0.007984
0.002307
0.014307
0.001883
0.011435
0.002092
0.002020
0.005459
0.002015
0.002163
0.010672
0.002379
0.008485
0.002217
0.002170
0.002087
0.033075
0.008420
0.002586
0.015049
0.006807
0.002060
0.009741
0.002800
0.002039
0.002046
0.008103
0.002333
0.002021
0.010343
0.003715
0.006687
0.002051
0.014913
0.002963
0.009996
0.002040
0.010928
0.002386
0.001916
0.012707
0.002778
0.008752
0.002022
0.002037
0.009572
0.002055
0.010624
0.004001
0.014340
0.009189
0.001965
0.002121
0.008491
0.002137
0.002056
0.011439
0.002404
0.010825
0.002231
0.002132
0.013517
0.017986
0.010783
0.013586
0.002336
0.035436
0.011352
0.010264
0.001945
0.014755
0.024926
0.006916
0.016549
0.007019
0.015404
0.002107
0.002155
0.009241
0.002041
0.002088
0.019354
0.007524
0.002183
0.007347
0.002017
0.002243
0.010261
0.003379
0.018356
0.016688
0.008051
0.002357
0.007812
0.002006
0.002400
0.010855
0.003698
0.010402
0.002295
0.010583
0.006220
0.006926
0.005248
0.012178
0.002090
0.008800
0.002497
0.015850
0.008242
0.001995
0.001986
0.010438
0.001936
0.001956
0.015991
0.008757
0.005965
0.009490
0.001942
0.007294
0.002026
0.002004
0.014469
0.010901
0.001984
0.002163
0.013120
0.002024
0.022557
0.002075
0.002334
0.002096
0.009988
0.001961
0.007983
0.002098
0.001936
0.012624
0.012605
0.002034
0.011479
0.002014
0.002064
0.008339
0.002072
0.002020
0.010867
0.002078
0.015338
0.008946
0.004988
0.009964
0.003320
0.002168
0.011585
0.002146
0.007955
0.001997
0.009271
0.001931
0.002188
0.002243
0.006968
0.002134
0.002173
0.010478
0.002191
0.002179
0.006604
0.002317
0.001925
0.012978
0.002182
0.007062
0.001975
0.002008
0.008271
0.006520
0.010469
0.002116
0.011507
0.002388
0.009167
0.002031
0.002268
0.007307
0.001743
0.002406
0.033822
0.012830
0.007838
0.002031
0.002020
0.001897
0.038348
0.007153
0.011719
0.002097
0.014676
0.011281
0.002057
0.009776
0.003963
0.009468
0.001980
0.004717
0.008915
0.002332
0.006911
0.002149
0.001958
0.010464
0.002320
0.009541
0.002185
0.011950
0.002433
0.002035
0.008692
0.002201
0.001939
0.008296
0.002039
0.001939
0.007381
0.002139
0.001978
0.011603
0.017267
0.002230
0.008431
0.003025
0.013776
0.004256
0.006779
0.002225
0.013786
0.002292
0.011047
0.004341
0.007085
0.002074
0.002154
0.006021
0.002281
0.003126
0.011776
0.001933
0.001994
0.008723
0.002100
0.008349
0.002488
0.001954
0.010394
0.001974
0.002012
0.009323
0.002069
0.006300
0.003764
0.029858
0.007905
0.009633
0.009603
0.001895
0.002079
0.010989
0.002328
0.011216
0.005617
0.008619
0.002018
0.009392
0.003827
0.002059
0.007497
0.002232
0.002163
0.010545
0.002051
0.011943
0.002036
0.002185
0.006621
0.001866
0.011121
0.001753
0.011171
0.014061
0.001629
0.002055
0.002307
0.005909
0.005994
0.010597
0.002402
0.012609
0.012659
0.001947
0.001992
0.008619
0.002001
0.002105
0.006890
0.006124
0.007036
0.002255
0.002137
0.012898
0.001988
0.009893
0.002314
0.002693
0.008393
0.002089
0.001981
0.035673
0.011428
0.013194
0.010919
0.001911
0.026362
0.010638
0.008479
0.002591
0.006912
0.005857
0.007883
0.002032
0.002051
0.009451
0.001958
0.012334
0.002040
0.001976
0.007475
0.002107
0.002187
0.007372
0.003767
0.012589
0.003499
0.015975
0.012927
0.002318
0.008787
0.002030
0.001966
0.007772
0.002222
0.002370
0.005893
0.002007
0.002177
0.011446
0.003482
0.007899
0.002299
0.002385
0.017967
0.006934
0.002163
0.001974
0.009245
0.002080
0.009388
0.004034
0.002084
0.007661
0.001985
0.002243
0.013848
0.016279
0.008314
0.002039
0.002015
0.011675
0.003396
0.006111
0.001969
0.002923
0.008444
0.002134
0.002081
0.011557
0.001947
0.002190
0.007144
0.002305
0.002134
0.009065
0.020748
0.008729
0.002422
0.010088
0.003016
0.001960
0.011026
0.005331
0.006535
0.002077
0.002012
0.007746
0.004568
0.002027
0.011590
0.002292
0.006422
0.002042
0.002162
0.015553
0.011845
0.001997
0.007151
0.001989
0.002201
0.009673
0.002048
0.001991
0.011872
0.010312
0.001986
0.002378
0.015450
0.010769
0.002073
0.002011
0.009645
0.014014
0.001992
0.001955
0.008502
0.002114
0.002472
0.007312
0.002037
0.002223
0.007654
0.002066
0.003634
0.010901
0.017454
0.002155
0.015068
0.036943
0.009996
0.009787
0.012095
0.002068
0.002014
0.026843
0.009168
0.006917
0.002291
0.010574
0.002294
0.013701
0.002151
0.009510
0.002017
0.009538
0.015999
0.002003
0.001758
0.008292
0.001933
0.011008
0.004725
0.007587
0.015997
0.001944
0.002165
0.013914
0.001990
0.009171
0.002355
0.002026
0.007363
0.002318
0.002037
0.011191
0.002045
0.006542
0.003796
0.002017
0.010528
0.002075
0.002122
0.011530
0.002324
0.009007
0.002027
0.002009
0.006470
0.007485
0.010325
0.002057
0.009884
0.012954
0.002038
0.002245
0.004232
0.007920
0.001962
0.008439
0.002024
0.009050
0.002183
0.001979
0.011407
0.002022
0.011863
0.001939
0.002129
0.009367
0.002084
0.010375
0.002585
0.019788
0.011129
0.002105
0.007264
0.002029
0.002040
0.007231
0.006820
0.011469
0.016140
0.002425
0.010831
0.001974
0.008245
0.002025
0.002080
0.011532
0.002251
0.014631
0.007551
0.002303
0.002014
0.001963
0.010670
0.009327
0.002014
0.002067
0.009226
0.002353
0.002010
0.012183
0.001959
0.007492
0.002036
0.002919
0.009238
0.004327
0.017798
0.006875
0.002222
0.002025
0.006567
0.002178
0.002177
0.011428
0.001994
0.010816
0.002150
0.010596
0.002060
0.001985
0.009628
0.002048
0.002496
0.052890
0.009842
0.009057
0.009073
0.002127
0.003799
0.025333
0.007399
0.009801
0.011594
0.002005
0.002160
0.006189
0.001958
0.002357
0.009855
0.002320
0.002010
0.006851
0.002319
0.001944
0.007157
0.001939
0.002036
0.002061
0.006173
0.002075
0.001946
0.011492
0.004245
0.010318
0.002273
0.010951
0.002203
0.013572
0.002331
0.008683
0.002009
0.009529
0.004043
0.002066
0.014275
0.010759
0.002186
0.010648
0.002038
0.002528
0.012343
0.008621
0.002100
0.004136
0.011192
0.011734
0.002123
0.002024
0.010303
0.002408
0.010323
0.001990
0.012229
0.002203
0.002101
0.008199
0.002084
0.013493
0.002020
0.014908
0.009631
0.002169
0.001692
0.010896
0.025843
0.011693
0.007660
0.001973
0.002360
0.010059
0.002112
0.012883
0.002080
0.009949
0.002327
0.008322
0.001773
0.001998
0.012345
0.002004
0.008508
0.002115
0.001922
0.015682
0.010594
0.003210
0.001921
0.008647
0.002050
0.007804
0.002107
0.013265
0.003143
0.013127
0.003980
0.006946
0.002096
0.009836
0.003458
0.002075
0.010499
0.003214
0.002060
0.012037
0.002272
0.011401
0.002095
0.013878
0.012619
0.001999
0.010349
0.003795
0.010150
0.003840
0.037729
0.011191
0.010698
0.002444
0.010556
0.002409
0.014379
0.020064
0.009758
0.002093
0.006698
0.001972
0.001900
0.008034
0.002331
0.001961
0.011402
0.002173
0.002065
0.008774
0.002077
0.002054
0.011005
0.002258
0.008943
0.002060
0.002088
0.008008
0.002281
0.002099
0.007173
0.001937
0.003298
0.014821
0.009750
0.002291
0.011629
0.002145
0.001961
0.007863
0.002333
0.001953
0.006746
0.003577
0.002052
0.008005
0.002236
0.002083
0.010627
0.002059
0.012063
0.002047
0.002046
0.008823
0.002081
0.002038
0.008107
0.016645
0.001974
0.010135
0.005203
0.012161
0.002039
0.009757
0.002734
0.007843
0.006293
0.007241
0.015369
0.003124
0.002136
0.014656
0.011565
0.002377
0.008115
0.001955
0.002080
0.011085
0.022418
0.009861
0.002036
0.010891
0.002039
0.013131
0.017912
0.009995
0.002795
0.002268
0.008435
0.001963
0.002262
0.011827
0.002259
0.010597
0.001956
0.011603
0.001950
0.010672
0.002018
0.002694
0.006442
0.001835
0.009068
0.002573
0.002037
0.013973
0.002077
0.011427
0.002444
0.007577
0.002033
0.001894
0.012137
0.002282
0.002001
0.008535
0.008893
0.002367
0.002160
0.002046
0.009959
0.002332
0.002025
0.027005
0.002284
0.010228
0.002292
0.038006
0.015648
0.010325
0.010268
0.002061
0.001985
0.007362
0.002034
0.002384
0.021639
0.010629
0.007359
0.012549
0.002097
0.002193
0.011309
0.002102
0.010925
0.002104
0.012000
0.002439
0.012395
0.002024
0.007989
0.002109
0.002005
0.012263
0.002278
0.007649
0.003102
0.002354
0.012020
0.002340
0.007480
0.002032
0.002291
0.009456
0.002098
0.002177
0.016202
0.007933
0.002216
0.009069
0.002067
0.001979
0.002019
0.009141
0.013239
0.003330
0.011116
0.017433
0.002425
0.007482
0.005417
0.007363
0.007020
0.007191
0.005175
0.001953
0.008453
0.002272
0.002092
0.006201
0.005415
0.008133
0.002121
0.011234
0.002017
0.002006
0.008215
0.004889
0.008045
0.001629
0.027510
0.007690
0.013081
0.002075
0.007127
0.016758
0.012807
0.001993
0.002033
0.009913
0.001937
0.007451
0.002197
0.002084
0.002048
0.013175
0.002389
0.007544
0.002081
0.002771
0.010612
0.002291
0.010555
0.002298
0.012166
0.001962
0.013428
0.004070
0.002434
0.002115
0.002145
0.007420
0.002377
0.002062
0.007941
0.002274
0.001948
0.015160
0.022411
0.015061
0.007383
0.008243
0.003113
0.002151
0.007951
0.002024
0.002119
0.010540
0.003398
0.035500
0.013069
0.015426
0.011447
0.002015
0.010317
0.002090
0.023191
0.010648
0.016330
0.008913
0.002119
0.009547
0.012299
0.002117
0.002157
0.010860
0.002701
0.009419
0.002533
0.001926
0.008731
0.002388
0.010073
0.001780
0.002062
0.007558
0.002051
0.014936
0.002083
0.002045
0.008981
0.002047
0.010133
0.007977
0.007171
0.002004
0.002199
0.012466
0.016889
0.010868
0.002506
0.010382
0.001956
0.009174
0.002116
0.002351
0.008165
0.001986
0.002160
0.008655
0.001961
0.013103
0.001986
0.002076
0.007071
0.002075
0.002100
0.010823
0.002554
0.005742
0.002434
0.018616
0.001947
0.009363
0.002293
0.002106
0.011398
0.002241
0.010796
0.002125
0.022633
0.017637
0.006857
0.009761
0.002171
0.008891
0.002161
0.002215
0.014800
0.006963
0.002287
0.002031
0.015199
0.009764
0.001969
0.002222
0.007817
0.002030
0.002314
0.012760
0.001941
0.010723
0.002568
0.010101
0.001997
0.001961
0.011109
0.002095
0.009907
0.002034
0.002042
0.012073
0.002139
0.006398
0.001977
0.002094
0.011249
0.002047
0.002025
0.007550
0.002335
0.011132
0.001960
0.001979
0.009060
0.012835
0.002187
0.002060
0.007489
0.002212
0.002039
0.016059
0.040428
0.019291
0.007731
0.007706
0.002048
0.011027
0.002049
0.026712
0.009173
0.009155
0.002035
0.008961
0.002033
0.002355
0.006607
0.002033
0.002027
0.016322
0.010322
0.002083
0.008685
0.039879
0.008137
0.002030
0.015107
0.002025
0.011900
0.001967
0.002092
0.006020
0.002020
0.002046
0.009416
0.002083
0.002261
0.006875
0.001634
0.001947
0.002000
0.006052
0.002347
0.002358
0.011057
0.011005
0.002869
0.002051
0.014101
0.002088
0.008390
0.014001
0.002004
0.002002
0.008303
0.001847
0.011070
0.001740
0.001946
0.011095
0.015260
0.001987
0.011816
0.003387
0.010445
0.002041
0.014639
0.002704
0.010869
0.002446
0.024430
0.013499
0.011104
0.010413
0.001952
0.011435
0.002534
0.007144
0.002068
0.003239
0.010019
0.002473
0.007054
0.002052
0.011473
0.021261
0.001918
0.008186
0.006698
0.010760
0.001909
0.010497
0.002025
0.002205
0.008602
0.002123
0.009150
0.002111
0.011971
0.002126
0.002081
0.011494
0.002048
0.015916
0.007447
0.002185
0.002154
0.010776
0.002113
0.002146
0.009010
0.001895
0.010171
0.006957
0.012452
0.016045
0.061586
0.007898
0.002042
0.001870
0.007704
0.003561
0.002002
0.026376
0.011921
0.014526
0.007884
0.002291
0.006572
0.002250
0.002038
0.006814
0.002032
0.001984
0.011972
0.002228
0.010074
0.002278
0.010277
0.003913
0.001959
0.007963
0.002140
0.001968
0.007829
0.002030
0.013326
0.003536
0.012379
0.002099
0.010543
0.002208
0.010095
0.003648
0.009065
0.002170
0.001977
0.008298
0.001946
0.003247
0.006747
0.002284
0.002002
0.006924
0.014610
0.003046
0.002069
0.012431
0.002344
0.009246
0.001907
0.011380
0.002023
0.002194
0.007154
0.004834
0.001943
0.006356
0.001964
0.003618
0.013984
0.009723
0.002041
0.001883
0.012352
0.001998
0.008391
0.002126
0.002018
0.011591
0.002371
0.007210
0.023900
0.013375
0.008228
0.001797
0.001931
0.010055
0.002603
0.002630
0.007365
0.006060
0.010953
0.002273
0.011194
0.001997
0.010106
0.013935
0.001989
0.002156
0.008849
0.001989
0.001981
0.007995
0.001978
0.002353
0.007492
0.005726
0.010670
0.014772
0.002088
0.002111
0.009927
0.002207
0.008927
0.003444
0.001935
0.011165
0.015214
0.001990
0.015373
0.009653
0.002029
0.001989
0.012530
0.002391
0.008249
0.001984
0.001890
0.007637
0.002050
0.002297
0.042728
0.016925
0.002309
0.013288
0.002065
0.008231
0.002040
0.002577
0.006898
0.033708
0.010648
0.007792
0.013551
0.002051
0.007208
0.002079
0.002009
0.011439
0.001995
0.002250
0.009086
0.002058
0.018407
0.007676
0.002501
0.002310
0.007020
0.002055
0.002090
0.007774
0.001909
0.001965
0.011508
0.001990
0.002331
0.008826
0.002111
0.010406
0.002018
0.001860
0.016251
0.011794
0.001948
0.007040
0.001898
0.001892
0.007721
0.002071
0.002008
0.002037
0.006668
0.005257
0.008398
0.002022
0.004677
0.007458
0.002042
0.001957
0.012599
0.002070
0.007280
0.002081
0.001980
0.008067
0.001980
0.001977
0.002282
0.008883
0.002075
0.010461
0.002618
0.010255
0.004749
0.008110
0.002025
0.002121
0.017439
0.008904
0.001945
0.026589
0.014670
0.007732
0.008289
0.001966
0.002023
0.009925
0.002394
0.001975
0.008223
0.001988
0.002126
0.010906
0.001980
0.008030
0.008993
0.011608
0.008854
0.002063
0.002000
0.002480
0.005815
0.002001
0.010814
0.002391
0.002232
0.015008
0.010921
0.003323
0.011956
0.002244
0.012392
0.001967
0.009925
0.002516
0.002040
0.010907
0.002045
0.015406
0.010231
0.001974
0.002387
0.010709
0.003554
0.007000
0.002029
0.011392
0.002085
0.041143
0.023324
0.011590
0.001961
0.012271
0.002332
0.002105
0.006331
0.002160
0.024129
0.010609
0.017536
0.011331
0.002315
0.007779
0.001988
0.002484
0.020565
0.002033
0.002032
0.003051
0.010938
0.001991
0.010026
0.002014
0.002332
0.012734
0.001997
0.012239
0.001970
0.010308
0.002063
0.011440
0.002088
0.001954
0.006142
0.002102
0.002092
0.013810
0.007577
0.002201
0.002305
0.012538
0.002182
0.007990
0.002187
0.014904
0.003721
0.011051
0.002185
0.010214
0.002009
0.002145
0.008500
0.001921
0.001839
0.008797
0.001996
0.002161
0.011065
0.022132
0.007932
0.001996
0.010631
0.002024
0.002104
0.013553
0.002383
0.008328
0.002097
0.007576
0.005577
0.019236
0.010906
0.026745
0.008373
0.009672
0.007910
0.004800
0.014041
0.002003
0.010406
0.018500
0.001997
0.008867
0.002598
0.009741
0.001935
0.001978
0.011847
0.002019
0.011807
0.001980
0.008621
0.001992
0.002195
0.010752
0.003376
0.009304
0.002022
0.015940
0.001964
0.007740
0.003466
0.001945
0.011369
0.003146
0.007948
0.017413
0.001890
0.002458
0.013408
0.008747
0.041083
0.015947
0.008087
0.001988
0.010013
0.006584
0.006490
0.002278
0.002009
0.011293
0.002348
0.019481
0.010827
0.007213
0.005528
0.007948
0.006134
0.001910
0.006066
0.002021
0.003577
0.013724
0.007480
0.003454
0.002013
0.006727
0.002179
0.001968
0.010338
0.001926
0.009396
0.002657
0.002003
0.008601
0.002009
0.001988
0.008169
0.007446
0.009855
0.002341
0.010789
0.003615
0.007524
0.002708
0.001940
0.009280
0.007146
0.011126
0.002036
0.008257
0.002557
0.002046
0.007252
0.002351
0.002078
0.015307
0.010255
0.002006
0.010094
0.002506
0.001957
0.007821
0.002224
0.002058
0.008113
0.002218
0.002006
0.011853
0.002020
0.011431
0.002083
0.010376
0.001923
0.001985
0.011601
0.002083
0.009284
0.002346
0.001976
0.010074
0.002644
0.023752
0.007577
0.010094
0.002634
0.012687
0.002467
0.007852
0.002002
0.002349
0.008232
0.006249
0.006918
0.002019
0.002071
0.011057
0.002194
0.012740
0.002176
0.009902
0.002754
0.002061
0.007843
0.001946
0.002435
0.011597
0.001989
0.007958
0.002445
0.002041
0.015214
0.007061
0.005993
0.009530
0.001952
0.002432
0.007460
0.001979
0.011295
0.002454
0.002324
0.007580
0.002171
0.002822
0.008406
0.004778
0.013349
0.002055
0.008943
0.002330
0.008089
0.009612
0.039004
0.013217
0.008077
0.008207
0.002002
0.011127
0.002396
0.011639
0.001999
0.001975
0.036510
0.010862
0.010950
0.004675
0.008225
0.002084
0.002368
0.008665
0.005366
0.007185
0.002714
0.002842
0.010562
0.002139
0.005761
0.003717
0.002148
0.002093
0.006176
0.002190
0.001996
0.009337
0.002127
0.001925
0.007394
0.002096
0.001952
0.008927
0.002056
0.002011
0.010790
0.001887
0.010263
0.020749
0.009285
0.002004
0.002157
0.009441
0.001986
0.002263
0.015686
0.010573
0.013556
0.002011
0.001944
0.009866
0.002071
0.002108
0.008685
0.002043
0.002144
0.008445
0.001979
0.002176
0.010350
0.002213
0.007654
0.002176
0.002287
0.010612
0.002151
0.002050
0.009605
0.002155
0.001979
0.008466
0.013712
0.001917
0.002054
0.023982
0.014791
0.007921
0.009121
0.002075
0.002132
0.006104
0.004034
0.002170
0.007901
0.001990
0.001992
0.012376
0.002261
0.007049
0.002211
0.002206
0.010539
0.001995
0.010383
0.002105
0.010724
0.001908
0.002096
0.009899
0.001972
0.001962
0.007277
0.007421
0.005969
0.001916
0.002079
0.007569
0.006604
0.001973
0.005273
0.002280
0.002093
0.009535
0.002107
0.011959
0.002011
0.001980
0.015921
0.014510
0.012291
0.002047
0.008226
0.002120
0.002195
0.008960
0.002038
0.002366
0.036525
0.016059
0.009149
0.010574
0.007952
0.002389
0.002285
0.006434
0.002192
0.001988
0.023636
0.007367
0.011333
0.001948
0.009809
0.002281
0.002069
0.013025
0.018834
0.006762
0.001963
0.001954
0.011401
0.002072
0.001908
0.009433
0.002239
0.008133
0.002074
0.002057
0.012822
0.010614
0.002004
0.002038
0.007259
0.004738
0.002047
0.007569
0.001987
0.003102
0.013859
0.011962
0.002027
0.012763
0.001967
0.009354
0.002005
0.002276
0.013152
0.002019
0.008034
0.002190
0.002034
0.007628
0.002137
0.002420
0.018385
0.007192
0.004337
0.008624
0.003256
0.002200
0.009619
0.002713
0.011482
0.002058
0.010590
0.001959
0.011472
0.002356
0.009367
0.003444
0.008354
0.002904
0.002025
0.029837
0.008867
0.001991
0.001989
0.002046
0.009081
0.004848
0.006050
0.002160
0.011906
0.002023
0.002023
0.011209
0.002009
0.007880
0.001999
0.001988
0.019681
0.007136
0.002184
0.010130
0.002079
0.002087
0.007204
0.004211
0.002131
0.011216
0.001975
0.007125
0.001985
0.002247
0.011736
0.002334
0.007308
0.002160
0.002444
0.002049
0.006041
0.002367
0.002188
0.008802
0.002097
0.011028
0.002187
0.001938
0.011011
0.002161
0.007078
0.017468
0.001986
0.011755
0.006157
0.007147
0.028959
0.006939
0.016223
0.016785
0.008928
0.002449
0.001803
0.007845
0.002189
0.002082
0.008811
0.017894
0.002267
0.007193
0.003194
0.001918
0.009712
0.002263
0.007690
0.002433
0.002047
0.002396
0.008992
0.016949
0.001967
0.011821
0.002046
0.010383
0.002076
0.009762
0.001975
0.001952
0.010251
0.002016
0.001974
0.008976
0.002061
0.003400
0.007213
0.002114
0.002037
0.011453
0.002549
0.010419
0.002197
0.010306
0.002288
0.002103
0.009604
0.002168
0.001984
0.008262
0.002249
0.002184
0.007920
0.002073
0.011097
0.007019
0.009585
0.001996
0.011068
0.002022
0.012425
0.002034
0.002111
0.008416
0.002500
0.013102
0.002044
0.007978
0.002200
0.002010
0.012884
0.002130
0.010462
0.002328
0.009378
0.002585
0.001972
0.010248
0.001934
0.025408
0.007516
0.009672
0.002107
0.006873
0.016459
0.002168
0.002051
0.008694
0.002281
0.002075
0.008010
0.002409
0.001982
0.007507
0.002379
0.010875
0.003257
0.002018
0.010603
0.002015
0.010436
0.002034
0.002371
0.009479
0.002062
0.002016
0.007995
0.001969
0.002102
0.007707
0.001974
0.001960
0.015478
0.010532
0.002099
0.001993
0.009097
0.001885
0.019392
0.010547
0.002103
0.015213
0.006141
0.002236
0.003427
0.010926
0.002194
0.018016
0.008162
0.030838
0.013959
0.010589
0.010892
0.010207
0.002316
0.002229
0.008518
0.002000
0.002525
0.007892
0.030733
0.010278
0.007274
0.002008
0.010024
0.002083
0.002029
0.008964
0.002744
0.007254
0.002032
0.004423
0.008076
0.001981
0.010331
0.003690
0.002264
0.013510
0.007675
0.002715
0.001999
0.001996
0.006738
0.001943
0.011380
0.002248
0.002153
0.008236
0.014072
0.067853
0.009372
0.034094
0.008237
0.070708
0.036574
0.055535
0.007943
0.002035
0.001941
0.010733
0.001959
0.003096
0.006201
0.001989
0.013099
0.002735
0.002053
0.007890
0.002038
0.003321
0.005911
0.002097
0.002293
0.009407
0.015413
0.002155
0.002010
0.007480
0.002237
0.002081
0.008958
0.002747
0.002096
0.007680
0.002134
0.014601
0.002745
0.013705
0.010796
0.002163
0.001878
0.011696
0.002116
0.013128
0.008850
0.005753
0.012270
0.002044
0.008211
0.002736
0.002030
0.007156
0.002004
0.002236
0.010232
0.002209
0.002101
0.008726
0.073064
0.012145
0.010172
0.002040
0.001893
0.012197
0.019373
0.006819
0.002960
0.009233
0.002173
0.002000
0.010672
0.003878
0.012637
0.002226
0.009272
0.005255
0.007691
0.001958
0.002360
0.031272
0.006976
0.015541
0.002062
0.026190
0.010750
0.006630
0.005632
0.011112
0.002283
0.010147
0.005443
0.008730
0.001982
0.001947
0.012119
0.001964
0.008157
0.002027
0.002346
0.008095
0.005038
0.008056
0.002034
0.002200
0.010345
0.012908
0.002224
0.002012
0.014895
0.007741
0.002281
0.002065
0.014087
0.002102
0.010647
0.002022
0.002013
0.007062
0.003737
0.010063
0.002158
0.002114
0.012058
0.019547
0.010384
0.002213
0.007767
0.002038
0.001901
0.010992
0.001975
0.002053
0.006782
0.002150
0.002540
0.012764
0.002059
0.011297
0.002054
0.026353
0.001995
0.010076
0.001970
0.002078
0.009196
0.004052
0.010245
0.001977
0.002399
0.007554
0.002004
0.009855
0.002152
0.002375
0.008518
0.002230
0.002017
0.008024
0.006130
0.008174
0.001944
0.002058
0.012847
0.002172
0.008926
0.002137
0.009607
0.006803
0.007777
0.001995
0.002237
0.008864
0.002537
0.002062
0.009351
0.036800
0.016544
0.007190
0.001962
0.003979
0.009671
0.002312
0.010026
0.001958
0.002263
0.009474
0.020771
0.007079
0.006914
0.006604
0.004498
0.002113
0.016768
0.006338
0.001872
0.002022
0.010693
0.013259
0.003196
0.011190
0.002045
0.002026
0.014474
0.011196
0.001912
0.009083
0.006346
0.012464
0.002096
0.007211
0.002064
0.002249
0.012130
0.015060
0.001945
0.012266
0.002147
0.010413
0.001928
0.002320
0.014074
0.013357
0.017967
0.011427
0.001848
0.010675
0.002206
0.002069
0.013136
0.007291
0.008437
0.006367
0.001924
0.002460
0.011853
0.002290
0.011717
0.001998
0.005825
0.002754
0.001887
0.010835
0.002092
0.001982
0.013296
0.002497
0.021066
0.007143
0.011567
0.015085
0.002010
0.012105
0.001980
0.002451
0.006010
0.001944
0.008290
0.002223
0.002135
0.002334
0.007212
0.005728
0.007738
0.001879
0.011187
0.002004
0.002182
0.002128
0.008763
0.002765
0.010052
0.003871
0.011882
0.002013
0.008453
0.002589
0.003499
0.007386
0.002037
0.002032
0.011111
0.001896
0.016333
0.012837
0.011881
0.002065
0.002171
0.007279
0.002015
0.004242
0.007975
0.001996
0.002053
0.009702
0.002048
0.001999
0.005889
0.001963
0.038051
0.010827
0.001964
0.011005
0.002348
0.002183
0.001961
0.009994
0.002013
0.006310
0.010504
0.036088
0.010567
0.010076
0.002049
0.010466
0.002194
0.008981
0.002141
0.001931
0.008139
0.001814
0.001974
0.003474
0.010308
0.002221
0.006940
0.002184
0.002412
0.006931
0.001969
0.004136
0.009389
0.002315
0.010100
0.004003
0.002090
0.007876
0.004704
0.008492
0.003060
0.002099
0.015221
0.009423
0.002237
0.011047
0.002096
0.002107
0.006683
0.001998
0.002063
0.009179
0.002170
0.002003
0.007798
0.002029
0.002013
0.006876
0.004232
0.002145
0.010590
0.003289
0.007111
0.002162
0.002030
0.009693
0.002009
0.001935
0.013056
0.001980
0.012925
0.008751
0.002106
0.002602
0.011407
0.002442
0.010559
0.002669
0.009676
0.001950
0.001917
0.021934
0.007433
0.012884
0.002072
0.010841
0.002035
0.002551
0.006325
0.002158
0.001961
0.007112
0.002400
0.002189
0.009572
0.003454
0.009407
0.002030
0.002831
0.007717
0.002124
0.003512
0.009950
0.002062
0.001946
0.010557
0.002124
0.009671
0.002172
0.013022
0.002053
0.008638
0.003999
0.012336
0.002194
0.011050
0.002195
0.010880
0.003483
0.013738
0.002205
0.023773
0.005137
0.007657
0.001989
0.002031
0.015461
0.006695
0.002507
0.046093
0.014256
0.019248
0.010558
0.007287
0.010110
0.026726
0.008266
0.016322
0.007919
0.002024
0.002054
0.010475
0.003493
0.008210
0.002158
0.002008
0.010166
0.003777
0.009563
0.002008
0.001958
0.009951
0.002066
0.002061
0.007916
0.001988
0.026542
0.007811
0.010177
0.001977
0.001987
0.009385
0.002077
0.002216
0.007580
0.002018
0.001910
0.012536
0.001984
0.010635
0.010323
0.003922
0.001944
0.002342
0.010666
0.001960
0.009725
0.001994
0.012520
0.003810
0.009121
0.001997
0.002179
0.006464
0.003925
0.010810
0.019616
0.003124
0.006257
0.003514
0.009240
0.001954
0.001930
0.013538
0.002276
0.011381
0.003333
0.008300
0.001764
0.002341
0.022860
0.010465
0.010007
0.001991
0.012143
0.002075
0.011042
0.002002
0.002426
0.005662
0.002049
0.002363
0.008033
0.002440
0.002476
0.021658
0.003750
0.002017
0.007542
0.002014
0.002004
0.011707
0.003783
0.011220
0.001969
0.010412
0.001986
0.002092
0.009459
0.005725
0.006397
0.001997
0.001966
0.015198
0.007983
0.002134
0.002049
0.013356
0.002063
0.009799
0.002037
0.001986
0.007196
0.002008
0.002042
0.008322
0.002069
0.002017
0.013670
0.011953
0.002028
0.048406
0.015649
0.025259
0.013891
0.008605
0.030349
0.010437
0.002383
0.002146
0.007661
0.004154
0.002233
0.006469
0.002347
0.002069
0.014052
0.010262
0.001946
0.002105
0.009188
0.002055
0.002011
0.007809
0.001990
0.002076
0.011238
0.002906
0.011044
0.001989
0.009897
0.002033
0.001960
0.007219
0.002288
0.002043
0.012926
0.011546
0.002353
0.002047
0.007251
0.007420
0.010065
0.002226
0.010333
0.001982
0.002017
0.007024
0.002034
0.017222
0.008756
0.003739
0.002059
0.011556
0.001960
0.007435
0.005517
0.008693
0.003513
0.002209
0.008770
0.001967
0.008868
0.002166
0.003402
0.008230
0.001978
0.011345
0.002016
0.002533
0.007320
0.002048
0.011291
0.002179
0.002002
0.007659
0.023548
0.007514
0.004130
0.013806
0.003479
0.007042
0.002049
0.002405
0.010996
0.002354
0.001992
0.005810
0.001966
0.001976
0.002089
0.008217
0.003291
0.007206
0.002244
0.002040
0.008641
0.002057
0.002174
0.007605
0.001955
0.002198
0.002191
0.006614
0.001969
0.004221
0.009053
0.002208
0.002056
0.006942
0.002260
0.014061
0.002040
0.001992
0.006450
0.002183
0.002152
0.007467
0.002007
0.013999
0.001992
0.002237
0.008574
0.002015
0.001962
0.008573
0.001960
0.015638
0.002530
0.006807
0.002048
0.002343
0.010963
0.052929
0.009142
0.006201
0.007297
0.021453
0.010809
0.002298
0.006076
0.130064
0.045836
0.007005
0.002099
0.002212
0.012236
0.002026
0.008041
0.004122
0.017016
0.010438
0.002014
0.007511
0.002081
0.002790
0.010412
0.002014
0.010474
0.002001
0.002116
0.007846
0.002016
0.002212
0.009874
0.002033
0.001949
0.007129
0.002078
0.012161
0.001977
0.001999
0.011168
0.002273
0.001979
0.006710
0.002262
0.011538
0.002159
0.016125
0.002208
0.007704
0.001990
0.002215
0.015501
0.010704
0.002207
0.024755
0.009159
0.011938
0.009253
0.002018
0.003692
0.006732
0.002011
0.002698
0.011203
0.002067
0.010489
0.002269
0.011212
0.002002
0.008714
0.002362
0.002025
0.002221
0.005886
0.002064
0.010155
0.003547
0.013082
0.002589
0.015852
0.010365
0.011626
0.002008
0.012576
0.003313
0.002392
0.006778
0.002009
0.003559
0.007575
0.002099
0.002308
0.013996
0.002067
0.006506
0.001970
0.013442
0.002037
0.002178
0.006750
0.001985
0.002245
0.008064
0.002048
0.002316
0.050556
0.013172
0.016160
0.011525
0.004060
0.006913
0.001934
0.002043
0.007163
0.002329
0.019715
0.007857
0.002120
0.002242
0.012425
0.002158
0.007760
0.006510
0.007860
0.002043
0.002184
0.006569
0.002157
0.002196
0.010043
0.003270
0.001994
0.008145
0.002189
0.002170
0.008057
0.002158
0.009434
0.007912
0.006827
0.002475
0.001935
0.006780
0.002460
0.002072
0.002224
0.006985
0.001953
0.003412
0.011347
0.002450
0.007980
0.004960
0.008601
0.002234
0.002445
0.010604
0.002024
0.005942
0.002287
0.015214
0.002026
0.002425
0.010887
0.002029
0.008815
0.002313
0.002063
0.008122
0.002193
0.001900
0.007043
0.002844
0.017950
0.010457
0.002138
0.002355
0.008509
0.002878
0.002513
0.011047
0.002347
0.007292
0.002242
0.002251
0.007182
0.002033
0.002082
0.011841
0.030260
0.009813
0.008099
0.002017
0.009292
0.002035
0.001925
0.004257
0.003221
0.003917
0.013389
0.007166
0.001999
0.014543
0.005694
0.007688
0.002314
0.002011
0.007928
0.002138
0.014677
0.013036
0.002275
0.002066
0.006050
0.002054
0.005437
0.006524
0.002374
0.002023
0.012117
0.002075
0.007722
0.002495
0.002077
0.007476
0.005838
0.010965
0.002010
0.007590
0.002677
0.005052
0.006829
0.001947
0.002645
0.008717
0.012283
0.002324
0.002075
0.055727
0.011546
0.007213
0.007813
0.002016
0.002040
0.010982
0.002361
0.001972
0.008750
0.018834
0.009652
0.001976
0.011503
0.001963
0.002432
0.006919
0.005917
0.007658
0.006453
0.007386
0.002017
0.002330
0.010667
0.002217
0.011862
0.003103
0.010679
0.002068
0.001962
0.007856
0.003310
0.001853
0.014695
0.007531
0.002075
0.002001
0.006967
0.002220
0.013697
0.002175
0.002100
0.009552
0.016791
0.002080
0.016987
0.010886
0.002133
0.014540
0.011407
0.001954
0.002077
0.006335
0.002045
0.002242
0.008932
0.001990
0.001969
0.020088
0.011015
0.009039
0.001958
0.002156
0.013754
0.002087
0.013004
0.012270
0.002315
0.006748
0.002020
0.004031
0.010445
0.002111
0.015812
0.009706
0.003614
0.018264
0.011170
0.002160
0.015367
0.007400
0.001980
0.002266
0.010284
0.002988
0.010626
0.017448
0.002143
0.007335
0.007369
0.010854
0.001963
0.011178
0.001997
0.007637
0.006118
0.010618
0.012889
0.001995
0.016270
0.002068
0.012217
0.002580
0.010589
0.002248
0.011207
0.010398
0.001890
0.002317
0.002067
0.006697
0.002214
0.001835
0.008883
0.002057
0.002392
0.051713
0.010312
0.009584
0.001983
0.002389
0.009413
0.004987
0.008010
0.002491
0.002307
0.006168
0.001998
0.001976
0.030101
0.009441
0.007885
0.008958
0.002068
0.001942
0.007907
0.002033
0.002107
0.007891
0.006468
0.010618
0.001936
0.002079
0.008986
0.001974
0.007968
0.005251
0.002027
0.007337
0.001971
0.002676
0.011381
0.002012
0.007214
0.002008
0.002007
0.013336
0.002960
0.023706
0.001956
0.002037
0.013108
0.002043
0.010524
0.001974
0.010680
0.002076
0.011414
0.013863
0.003993
0.002395
0.009939
0.002026
0.009024
0.002041
0.001973
0.015625
0.007908
0.002050
0.001964
0.011343
0.002093
0.002685
0.004867
0.002045
0.002118
0.010036
0.002242
0.002935
0.016748
0.009678
0.002166
0.008187
0.002030
0.002295
0.018625
0.007075
0.006434
0.007393
0.002284
0.002402
0.006120
0.002017
0.001955
0.012227
0.002016
0.011781
0.002004
0.002417
0.008780
0.017051
0.001986
0.009049
0.006601
0.006904
0.001983
0.014378
0.002022
0.007996
0.007147
0.009879
0.002020
0.010377
0.002166
0.002000
0.012220
0.001985
0.009190
0.002130
0.002067
0.007593
0.002617
0.001997
0.012118
0.002079
0.010885
0.002009
0.011773
0.002850
0.009658
0.001998
0.010825
0.002017
0.002061
0.021388
0.026410
0.020146
0.007701
0.010607
0.002209
0.001993
0.013566
0.014410
0.026798
0.007732
0.009417
0.001969
0.002458
0.012187
0.002071
0.007128
0.003426
0.001997
0.006863
0.002019
0.002024
0.007168
0.002942
0.002192
0.009886
0.001993
0.002021
0.009721
0.002556
0.011280
0.012467
0.002087
0.001935
0.012478
0.002037
0.002094
0.007033
0.017895
0.002122
0.008072
0.004872
0.005739
0.004811
0.013164
0.002158
0.008177
0.002070
0.002095
0.011827
0.002038
0.002264
0.006625
0.002098
0.002110
0.014818
0.008676
0.002008
0.002264
0.007733
0.001975
0.014490
0.003700
0.010552
0.002687
0.009303
0.004429
0.013263
0.002729
0.006941
0.001952
0.010737
0.002163
0.001978
0.011891
0.001949
0.025418
0.007418
0.008825
0.002078
0.002076
0.007825
0.001978
0.002298
0.008508
0.001989
0.001958
0.008243
0.002114
0.002174
0.010905
0.017086
0.001957
0.011816
0.001967
0.009509
0.003086
0.002108
0.007666
0.002072
0.015105
0.002158
0.007059
0.002192
0.004828
0.009294
0.002255
0.009834
0.003809
0.002152
0.007942
0.001942
0.002398
0.007994
0.001970
0.002425
0.007393
0.002034
0.002017
0.006816
0.002028
0.002011
0.012224
0.002010
0.001964
0.009028
0.013174
0.002140
0.002175
0.050659
0.011579
0.010767
0.002291
0.002389
0.007551
0.002160
0.002076
0.006870
0.002121
0.002204
0.002107
0.010235
0.023711
0.010083
0.010688
0.002023
0.007913
0.004825
0.008067
0.014725
0.002060
0.002082
0.011468
0.002820
0.010784
0.002077
0.010374
0.002029
0.002030
0.009740
0.002352
0.010890
0.002153
0.010512
0.003845
0.012259
0.002224
0.013397
0.001967
0.007589
0.006138
0.002065
0.006961
0.001935
0.002153
0.008538
0.002009
0.009328
0.002399
0.002134
0.002030
0.006369
0.006533
0.013880
0.010354
0.002192
0.002061
0.011946
0.002027
0.006630
0.001986
0.001927
0.006384
0.004051
0.002109
0.010481
0.001994
0.002522
0.005326
0.001993
0.002323
0.007003
0.002144
0.001953
0.008867
0.016239
0.002116
0.002305
0.008109
0.002040
0.002326
0.021710
0.009557
0.021699
0.015199
0.002069
0.002015
0.002108
0.001987
0.006118
0.001917
0.001934
0.012786
0.010307
0.001758
0.003011
0.007516
0.001740
0.002092
0.014503
0.002312
0.008098
0.002057
0.011270
0.001991
0.001984
0.007548
0.002481
0.001949
