0.000883
0.000769
0.000925
0.001059
0.000615
0.000534
0.000512
0.000455
0.000579
0.000472
0.000455
0.000490
0.000456
0.000490
0.000493
0.000510
0.000678
0.000804
0.000667
0.000723
0.000668
0.000782
0.000511
0.000511
0.000473
0.000470
0.000499
0.000477
0.000538
0.000507
0.000866
0.000470
0.000804
0.000730
0.000478
0.000483
0.000518
0.000472
0.000474
0.000473
0.000511
0.000486
0.000476
0.000502
0.000473
0.000516
0.000530
0.000486
0.000490
0.000491
0.000513
0.000489
0.000474
0.000474
0.000713
0.000842
0.000841
0.000472
0.000768
0.000684
0.000664
0.000678
0.000561
0.000486
0.000481
0.000488
0.000498
0.000489
0.000457
0.000540
0.000463
0.000473
0.000482
0.000483
0.000473
0.000472
0.000514
0.000488
0.000475
0.000891
0.000509
0.000526
0.000599
0.000482
0.000472
0.000479
0.000474
0.000497
0.000472
0.000502
0.000469
0.000473
0.000476
0.000483
0.000472
0.000483
0.000583
0.000907
0.000801
0.000750
0.000907
0.000669
0.000485
0.000685
0.000712
0.000747
0.000719
0.000710
0.000711
0.000727
0.000915
0.000723
0.000862
0.000911
0.000665
0.000703
0.000965
0.000526
0.000713
0.000514
0.000515
0.000511
0.000566
0.000492
0.000511
0.000500
0.000526
0.000681
0.000472
0.000472
0.000738
0.000638
0.000508
0.000532
0.000512
0.000589
0.000582
0.000492
0.000492
0.000472
0.000472
0.000474
0.000474
0.000484
0.000520
0.000509
0.000473
0.000472
0.000472
0.000515
0.000472
0.000453
0.000471
0.000479
0.000511
0.000472
0.000472
0.000501
0.000455
0.000454
0.000456
0.000468
0.000476
0.000493
0.000492
0.000493
0.000464
0.000456
0.000551
0.000466
0.000687
0.000557
0.000520
0.000565
0.000469
0.000451
0.000454
0.000450
0.000471
0.000464
0.000703
0.000520
0.000505
0.000476
0.000439
0.000434
0.000439
0.000439
0.000438
0.000442
0.000446
0.000592
0.000482
0.000456
0.000455
0.000437
0.000466
0.000437
0.000468
0.000442
0.000580
0.000505
0.000472
0.000438
0.000475
0.000435
0.000445
0.000510
0.000438
0.000503
0.000523
0.000480
0.000498
0.000437
0.000449
0.000467
0.000437
0.000438
0.000440
0.000473
0.000473
0.000464
0.000437
0.000434
0.000440
0.000437
0.000453
0.000455
0.000452
0.000442
0.000442
0.000464
0.000440
0.000510
0.000437
0.000447
0.000468
0.000663
0.001055
0.000527
0.000528
0.000438
0.000437
0.000437
0.000439
0.000438
0.000439
0.000631
0.000677
0.000517
0.000437
0.000453
0.000434
0.000458
0.000437
0.000471
0.000530
0.000477
0.000455
0.000446
0.000502
0.000437
0.000451
0.000437
0.000445
0.000477
0.000682
0.000563
0.000539
0.000491
0.000516
0.000484
0.000524
0.000569
0.000741
0.000514
0.000473
0.000473
0.000488
0.000469
0.000474
0.000517
0.000479
0.000863
0.000506
0.000511
0.000488
0.000472
0.000472
0.000472
0.000474
0.000545
0.000518
0.000514
0.000471
0.000472
0.000479
0.000468
0.000505
0.000474
0.000713
0.000707
0.000500
0.000472
0.000473
0.000474
0.000472
0.000472
0.000508
0.000569
0.000647
0.000515
0.000472
0.000473
0.000497
0.000497
0.000473
0.000473
0.000664
0.000652
0.000512
0.000505
0.000473
0.000472
0.000472
0.000518
0.000766
0.000511
0.000563
0.000524
0.000487
0.000533
0.000487
0.000491
0.000492
0.000470
0.000666
0.000577
0.000474
0.000501
0.000515
0.000505
0.000535
0.000502
0.000614
0.000718
0.000539
0.000476
0.000472
0.000474
0.000503
0.000484
0.000531
0.000549
0.000582
0.000472
0.000496
0.000469
0.000472
0.000472
0.000481
0.000671
0.001243
0.000501
0.000801
0.000521
0.000525
0.000823
0.000491
0.000500
0.000615
0.000561
0.000500
0.000526
0.000544
0.000517
0.000550
0.000436
0.000454
0.000442
0.000486
0.000440
0.000435
0.000456
0.000438
0.000437
0.000455
0.000440
0.000481
0.000462
0.000474
0.000671
0.000457
0.000438
0.000530
0.000727
0.000509
0.000585
0.000473
0.000457
0.000451
0.000456
0.000453
0.000478
0.000436
0.000465
0.000696
0.000469
0.000454
0.000454
0.000455
0.000454
0.000451
0.000463
0.000575
0.000633
0.000457
0.000514
0.000478
0.000472
0.000438
0.000437
0.000471
0.000439
0.000482
0.000498
0.000473
0.000477
0.000438
0.000439
0.000438
0.000434
0.000460
0.000438
0.000456
0.000440
0.000473
0.000466
0.000437
0.000434
0.000437
0.000434
0.000457
0.000439
0.000436
0.000457
0.000461
0.000474
0.000437
0.000468
0.000436
0.000463
0.000438
0.000436
0.000438
0.000450
0.000464
0.000475
0.000437
0.000434
0.000437
0.000462
0.000464
0.000464
0.000480
0.000545
0.000522
0.000525
0.000469
0.000434
0.000437
0.000437
0.000437
0.000458
0.000439
0.000464
0.000534
0.000477
0.000437
0.000437
0.000439
0.000438
0.000434
0.000434
0.000438
0.000499
0.000568
0.000473
0.000437
0.000439
0.000437
0.000489
0.000445
0.000439
0.000442
0.000609
0.000475
0.000501
0.000439
0.000438
0.000441
0.000437
0.000486
0.000437
0.000512
0.000916
0.000493
0.000434
0.000443
0.000439
0.000438
0.000466
0.000458
0.000590
0.000545
0.000457
0.000489
0.000437
0.000449
0.000438
0.000458
0.000450
0.000437
0.000583
0.000495
0.000472
0.000438
0.000439
0.000445
0.000434
0.000434
0.000474
0.000435
0.000670
0.000816
0.000638
0.000533
0.000533
0.000464
0.000593
0.000456
0.000501
0.000491
0.000497
0.000454
0.000471
0.000451
0.000453
0.000454
0.000529
0.000660
0.000700
0.000503
0.000473
0.000455
0.000489
0.000479
0.000454
0.000454
0.000460
0.000551
0.000537
0.000497
0.000454
0.000454
0.000454
0.000451
0.000483
0.000456
0.000465
0.000458
0.000526
0.000497
0.000487
0.000496
0.000451
0.000485
0.000486
0.000455
0.000485
0.000678
0.000488
0.000457
0.000473
0.000477
0.000477
0.000454
0.000464
0.000728
0.000669
0.000460
0.000458
0.000454
0.000459
0.000454
0.000454
0.000482
0.000438
0.000557
0.000592
0.000533
0.000436
0.000437
0.000450
0.000434
0.000454
0.000642
0.000472
0.000491
0.000467
0.000438
0.000437
0.000471
0.000441
0.000450
0.000455
0.000678
0.000657
0.000509
0.000506
0.000437
0.000437
0.000434
0.000437
0.000474
0.000437
0.000451
0.000538
0.000494
0.000520
0.000437
0.000446
0.000438
0.000438
0.000438
0.000683
0.000456
0.000493
0.000475
0.000437
0.000438
0.000442
0.000441
0.000441
0.000679
0.000586
0.000526
0.000516
0.000529
0.000517
0.000798
0.000694
0.000514
0.000520
0.000549
0.000557
0.000511
0.000514
0.000506
0.000581
0.000525
0.000474
0.000570
0.000832
0.000510
0.000533
0.000715
0.000821
0.000482
0.000649
0.000558
0.000526
0.000474
0.000509
0.000724
0.000589
0.000506
0.000531
0.000469
0.000492
0.000479
0.000473
0.000643
0.000659
0.000592
0.000472
0.000468
0.000473
0.000526
0.000477
0.000473
0.000713
0.000663
0.000504
0.000490
0.000472
0.000472
0.000473
0.000472
0.000498
0.000568
0.000526
0.000504
0.000480
0.000481
0.000472
0.000618
0.000492
0.000506
0.000672
0.000585
0.000678
0.000570
0.000472
0.000474
0.000473
0.000473
0.000489
0.000484
0.000639
0.000491
0.000474
0.000469
0.000469
0.000469
0.000490
0.000475
0.000666
0.000554
0.000512
0.000546
0.000494
0.000472
0.000472
0.000472
0.000477
0.000960
0.000570
0.000472
0.000493
0.000472
0.000472
0.000473
0.000489
0.000528
0.000476
0.000510
0.000512
0.000475
0.000504
0.000468
0.000507
0.000472
0.000742
0.000655
0.000529
0.000482
0.000472
0.000469
0.000539
0.000472
0.000473
0.000474
0.000483
0.000534
0.000496
0.000472
0.000472
0.000497
0.000473
0.000481
0.000475
0.000481
0.000622
0.000529
0.000525
0.000532
0.000489
0.000473
0.000539
0.000714
0.000582
0.000581
0.000527
0.000487
0.000474
0.000474
0.000517
0.000793
0.000660
0.000499
0.000564
0.000486
0.000469
0.000502
0.000680
0.000680
0.000579
0.000474
0.000437
0.000438
0.000450
0.000459
0.000437
0.000441
0.000458
0.000574
0.000460
0.000473
0.000437
0.000435
0.000467
0.000438
0.000460
0.000462
0.000465
0.000444
0.000481
0.000437
0.000437
0.000437
0.000436
0.000471
0.000439
0.000451
0.000439
0.000518
0.000474
0.000475
0.000467
0.000437
0.000476
0.000437
0.000435
0.000531
0.000468
0.000459
0.000437
0.000467
0.000434
0.000437
0.000437
0.000434
0.000684
0.000574
0.000616
0.000473
0.000434
0.000437
0.000438
0.000474
0.000448
0.000436
0.000451
0.000594
0.000448
0.000442
0.000457
0.000434
0.000463
0.000437
0.000449
0.000464
0.000469
0.000651
0.000474
0.000458
0.000438
0.000448
0.000437
0.000437
0.000495
0.000616
0.000581
0.000469
0.000460
0.000437
0.000459
0.000438
0.000437
0.000447
0.000440
0.000451
0.000651
0.000526
0.000472
0.000477
0.000437
0.000440
0.000439
0.000452
0.000508
0.000501
0.000477
0.000441
0.000438
0.000439
0.000437
0.000446
0.000445
0.000439
0.000480
0.000437
0.000473
0.000445
0.000459
0.000438
0.000437
0.000457
0.000434
0.000442
0.000439
0.000594
0.000477
0.000477
0.000704
0.000755
0.000627
0.000816
0.000499
0.000446
0.000460
0.000574
0.000511
0.000475
0.000471
0.000461
0.000621
0.000470
0.000454
0.000451
0.000439
0.000444
0.000438
0.000496
0.000659
0.000515
0.000460
0.000475
0.000437
0.000439
0.000437
0.000446
0.000448
0.000436
0.000478
0.000601
0.000520
0.000438
0.000434
0.000434
0.000495
0.000439
0.000438
0.000435
0.000592
0.000450
0.000481
0.000483
0.000437
0.000444
0.000484
0.000463
0.000596
0.000453
0.000454
0.000438
0.000437
0.000449
0.000437
0.000457
0.000441
0.000475
0.000441
0.000546
0.000518
0.000454
0.000442
0.000434
0.000469
0.000441
0.000463
0.000464
0.000442
0.000508
0.000476
0.000437
0.000434
0.000438
0.000441
0.000438
0.000611
0.000496
0.000484
0.000468
0.000437
0.000438
0.000437
0.000480
0.000439
0.000446
0.000690
0.000610
0.000798
0.000444
0.000437
0.000439
0.000462
0.000454
0.000454
0.000438
0.000472
0.000455
0.000539
0.000481
0.000438
0.000543
0.000440
0.000449
0.000486
0.000683
0.000595
0.000505
0.000479
0.000438
0.000443
0.000466
0.000437
0.000437
0.000439
0.000448
0.000557
0.000475
0.000466
0.000459
0.000485
0.000457
0.000439
0.000439
0.000496
0.000438
0.000460
0.000617
0.000520
0.000437
0.000446
0.000476
0.000446
0.000442
0.000647
0.000475
0.000637
0.000526
0.000437
0.000439
0.000446
0.000477
0.000643
0.000623
0.000455
0.000467
0.000473
0.000455
0.000457
0.000446
0.000470
0.000462
0.000543
0.000468
0.000454
0.000438
0.000443
0.000440
0.000451
0.000446
0.000438
0.000478
0.000555
0.000469
0.000438
0.000437
0.000439
0.000448
0.000437
0.000438
0.000462
0.000456
0.000463
0.000464
0.000437
0.000438
0.000446
0.000477
0.000434
0.000437
0.000436
0.000463
0.000492
0.000458
0.000491
0.000447
0.000437
0.000446
0.000438
0.000452
0.000439
0.000452
0.000485
0.000469
0.000464
0.000437
0.000441
0.000437
0.000438
0.000488
0.000438
0.000686
0.000491
0.000438
0.000437
0.000463
0.000437
0.000446
0.000437
0.000461
0.000436
0.000643
0.000669
0.000480
0.000440
0.000436
0.000437
0.000438
0.000454
0.000672
0.000975
0.000456
0.000437
0.000449
0.000437
0.000439
0.000456
0.000449
0.000470
0.000455
0.000466
0.000468
0.000437
0.000437
0.000437
0.000437
0.000437
0.000437
0.000438
0.000454
0.000440
0.000477
0.000452
0.000437
0.000437
0.000504
0.000437
0.000442
0.000468
0.000519
0.000534
0.000658
0.000470
0.000441
0.000437
0.000434
0.000455
0.000439
0.000441
0.000477
0.000447
0.000513
0.000437
0.000451
0.000437
0.000438
0.000619
0.000438
0.000499
0.000574
0.000548
0.000442
0.000438
0.000435
0.000472
0.000443
0.000447
0.000569
0.000679
0.000920
0.000910
0.000835
0.000854
0.000808
0.000921
0.000493
0.000739
0.000536
0.000520
0.000894
0.000472
0.000474
0.000762
0.000578
0.000773
0.000513
0.000472
0.000523
0.000470
0.000547
0.000473
0.000570
0.000614
0.000746
0.000616
0.000484
0.000497
0.000482
0.000543
0.000589
0.000489
0.000547
0.000589
0.000574
0.000502
0.000518
0.000533
0.000476
0.000510
0.000523
0.000516
0.000533
0.000509
0.000504
0.000473
0.000472
0.000469
0.000504
0.000476
0.000497
0.000491
0.000474
0.000490
0.000516
0.000473
0.000472
0.000474
0.000559
0.000473
0.000624
0.000590
0.000561
0.000523
0.000511
0.000512
0.000473
0.000473
0.000744
0.000502
0.000970
0.000552
0.000472
0.000506
0.000509
0.000472
0.000503
0.000474
0.000513
0.000621
0.000515
0.000475
0.000472
0.000473
0.000585
0.000493
0.000502
0.000515
0.000570
0.000504
0.000470
0.000474
0.000579
0.000476
0.000497
0.000771
0.000534
0.000768
0.000512
0.000475
0.000472
0.000502
0.000472
0.000485
0.000473
0.000682
0.000499
0.000514
0.000491
0.000472
0.000472
0.000473
0.000488
0.000529
0.000548
0.000723
0.000554
0.000479
0.000469
0.000490
0.000471
0.000657
0.000556
0.000549
0.000542
0.000519
0.000472
0.000473
0.000472
0.000508
0.000470
0.000503
0.000438
0.000456
0.000469
0.000466
0.000445
0.000434
0.000461
0.000469
0.000435
0.000512
0.000486
0.000523
0.000446
0.000454
0.000442
0.000437
0.000510
0.000437
0.000438
0.000516
0.000651
0.000480
0.000440
0.000439
0.000437
0.000457
0.000486
0.000607
0.000593
0.000439
0.000454
0.000435
0.000437
0.000438
0.000472
0.000437
0.000472
0.000480
0.000461
0.000483
0.000469
0.000481
0.000439
0.000438
0.000444
0.000437
0.000437
0.000438
0.000467
0.000785
0.000483
0.000437
0.000434
0.000454
0.000437
0.000456
0.000459
0.000439
0.000462
0.000594
0.000479
0.000441
0.000437
0.000437
0.000437
0.000435
0.000505
0.000497
0.000444
0.000476
0.000440
0.000596
0.000438
0.000437
0.000437
0.000438
0.000527
0.000514
0.000549
0.000437
0.000477
0.000457
0.000440
0.000438
0.000453
0.000438
0.000463
0.000490
0.000476
0.000438
0.000542
0.000440
0.000469
0.000449
0.000439
0.000440
0.000498
0.000634
0.000497
0.000455
0.000438
0.000472
0.000437
0.000447
0.000437
0.000435
0.000613
0.000472
0.000527
0.000437
0.000437
0.000448
0.000443
0.000437
0.000441
0.000642
0.000614
0.000567
0.000437
0.000438
0.000435
0.000579
0.000438
0.000450
0.000713
0.000488
0.000458
0.000772
0.000453
0.000569
0.000502
0.000661
0.000499
0.000500
0.000483
0.000451
0.000557
0.000763
0.000789
0.000679
0.000960
0.000478
0.000455
0.000455
0.000460
0.000455
0.000502
0.000455
0.000532
0.000585
0.000496
0.000491
0.000454
0.000477
0.000460
0.000457
0.000451
0.000494
0.000639
0.000526
0.000454
0.000457
0.000482
0.000468
0.000509
0.000695
0.000489
0.000485
0.000567
0.000454
0.000454
0.000454
0.000454
0.000491
0.000459
0.000481
0.000563
0.000521
0.000455
0.000474
0.000464
0.000482
0.000454
0.000456
0.000498
0.000530
0.000536
0.000483
0.000454
0.000482
0.000455
0.000454
0.000486
0.000481
0.000738
0.000563
0.000454
0.000456
0.000460
0.000454
0.000454
0.000502
0.000713
0.000520
0.000490
0.000472
0.000475
0.000480
0.000454
0.000467
0.000520
0.000687
0.000475
0.000490
0.000601
0.000454
0.000501
0.000454
0.000454
0.000454
0.000453
0.000498
0.000479
0.000558
0.000457
0.000455
0.000454
0.000455
0.000472
0.000489
0.000455
0.000455
0.000455
0.000462
0.000454
0.000501
0.000454
0.000454
0.000454
0.000459
0.000488
0.000440
0.000468
0.000475
0.000437
0.000443
0.000433
0.000468
0.000438
0.000439
0.000440
0.000442
0.000452
0.000439
0.000451
0.000438
0.000439
0.000598
0.000649
0.000472
0.000487
0.000478
0.000454
0.000438
0.000479
0.000442
0.000437
0.000440
0.000466
0.000688
0.000459
0.000437
0.000435
0.000451
0.000460
0.000508
0.000439
0.000573
0.000658
0.000480
0.000440
0.000437
0.000465
0.000548
0.000439
0.000445
0.000439
0.000578
0.000463
0.000438
0.000437
0.000458
0.000443
0.000438
0.000433
0.000682
0.000484
0.000559
0.000554
0.000437
0.000461
0.000437
0.000434
0.000439
0.000445
0.000686
0.000529
0.000533
0.000493
0.000456
0.000457
0.000437
0.000451
0.000444
0.000455
0.000511
0.000436
0.000465
0.000439
0.000437
0.000463
0.000474
0.000450
0.000437
0.000663
0.000513
0.000577
0.000462
0.000438
0.000447
0.000459
0.000437
0.000449
0.000450
0.000461
0.000641
0.000566
0.000493
0.000443
0.000437
0.000435
0.000434
0.000438
0.000689
0.000633
0.000460
0.000438
0.000464
0.000437
0.000443
0.000435
0.000465
0.000468
0.000476
0.000645
0.000528
0.000437
0.000437
0.000437
0.000437
0.000483
0.000439
0.000441
0.000618
0.000586
0.000481
0.000438
0.000437
0.000438
0.000439
0.000434
0.000447
0.000666
0.000618
0.000458
0.000479
0.000446
0.000437
0.000519
0.000440
0.000438
0.000470
0.000597
0.000474
0.000476
0.000437
0.000437
0.000447
0.000450
0.000434
0.000446
0.000439
0.000516
0.000665
0.000464
0.000446
0.000479
0.000436
0.000438
0.000571
0.000440
0.000474
0.000443
0.000434
0.000438
0.000706
0.000464
0.000440
0.000442
0.000463
0.000558
0.000687
0.000724
0.000562
0.000663
0.000531
0.000542
0.000538
0.000507
0.000483
0.000586
0.000505
0.000474
0.000469
0.000466
0.000641
0.000666
0.000451
0.000781
0.000572
0.000508
0.000476
0.000475
0.000454
0.000465
0.000471
0.000485
0.000490
0.000503
0.000457
0.000454
0.000434
0.000444
0.000437
0.000471
0.000443
0.000525
0.000644
0.000561
0.000438
0.000491
0.000545
0.000442
0.000438
0.000455
0.000525
0.000466
0.000478
0.000438
0.000492
0.000435
0.000451
0.000438
0.000434
0.000497
0.000552
0.000522
0.000439
0.000434
0.000438
0.000451
0.000449
0.000437
0.000696
0.000520
0.000513
0.000470
0.000491
0.000440
0.000454
0.000438
0.000437
0.000485
0.000514
0.000610
0.000452
0.000437
0.000437
0.000434
0.000437
0.000439
0.000440
0.000815
0.000466
0.000468
0.000438
0.000438
0.000437
0.000437
0.000437
0.000438
0.000666
0.000586
0.000473
0.000699
0.000437
0.000434
0.000437
0.000500
0.000437
0.000454
0.000599
0.000562
0.000486
0.000437
0.000504
0.000439
0.000463
0.000477
0.000562
0.000518
0.000487
0.000452
0.000434
0.000437
0.000437
0.000437
0.000437
0.000475
0.000554
0.000533
0.000466
0.000438
0.000441
0.000437
0.000433
0.000438
0.000509
0.000456
0.000480
0.000524
0.000490
0.000437
0.000439
0.000488
0.000437
0.000509
0.000481
0.000533
0.000617
0.000456
0.000492
0.000438
0.000445
0.000438
0.000459
0.000433
0.000495
0.000445
0.000484
0.000438
0.000443
0.000437
0.000434
0.000479
0.000437
0.000438
0.000455
0.000483
0.000455
0.000441
0.000438
0.000470
0.000439
0.000434
0.000443
0.000438
0.000641
0.000445
0.000447
0.000437
0.000438
0.000458
0.000451
0.000438
0.000472
0.000444
0.000474
0.000473
0.000437
0.000437
0.000436
0.000437
0.000438
0.000459
0.000484
0.000587
0.000460
0.000437
0.000438
0.000438
0.000463
0.000440
0.000499
0.000624
0.000536
0.000480
0.000437
0.000434
0.000444
0.000437
0.000481
0.000438
0.000582
0.000585
0.000449
0.000439
0.000452
0.000433
0.000437
0.000437
0.000437
0.000438
0.000442
0.000486
0.000478
0.000434
0.000437
0.000435
0.000458
0.000437
0.000537
0.000513
0.000625
0.000470
0.000443
0.000434
0.000437
0.000439
0.000438
0.000443
0.000654
0.000471
0.000576
0.000477
0.000439
0.000438
0.000438
0.000467
0.000437
0.000458
0.000552
0.000833
0.000678
0.000472
0.000446
0.000477
0.000456
0.000452
0.000610
0.000684
0.000472
0.000437
0.000456
0.000437
0.000437
0.000434
0.000460
0.000453
0.000435
0.000521
0.000450
0.000469
0.000526
0.000439
0.000433
0.000437
0.000441
0.000488
0.000629
0.000475
0.000597
0.000754
0.000778
0.000441
0.000441
0.000524
0.000652
0.000703
0.000777
0.000438
0.000455
0.000450
0.000455
0.000687
0.000470
0.000550
0.000504
0.000438
0.000437
0.000434
0.000437
0.000479
0.000447
0.000594
0.000619
0.000477
0.000437
0.000448
0.000438
0.000438
0.000445
0.000471
0.000438
0.000456
0.000636
0.000470
0.000437
0.000434
0.000434
0.000448
0.000478
0.000441
0.000511
0.000543
0.000454
0.000438
0.000467
0.000476
0.000466
0.000454
0.000483
0.000557
0.000454
0.000475
0.000473
0.000436
0.000439
0.000457
0.000462
0.000461
0.000438
0.000459
0.000438
0.000471
0.000440
0.000437
0.000461
0.000472
0.000437
0.000562
0.000456
0.000553
0.000472
0.000447
0.000445
0.000448
0.000461
0.000437
0.000448
0.000439
0.000499
0.000662
0.000525
0.000437
0.000434
0.000438
0.000437
0.000455
0.000437
0.000655
0.000651
0.000478
0.000449
0.000442
0.000437
0.000438
0.000463
0.000447
0.000441
0.000490
0.000470
0.000438
0.000459
0.000700
0.000724
0.000488
0.000468
0.000559
0.000485
0.000458
0.000468
0.000437
0.000434
0.000446
0.000441
0.000438
0.000600
0.000483
0.000435
0.000447
0.000437
0.000438
0.000549
0.000438
0.000469
0.000462
0.000559
0.000544
0.000435
0.000434
0.000437
0.000438
0.000437
0.000437
0.000463
0.000530
0.000514
0.000473
0.000438
0.000439
0.000439
0.000446
0.000450
0.000452
0.000435
0.000445
0.000464
0.000474
0.000445
0.000434
0.000475
0.000460
0.000445
0.000439
0.000438
0.000456
0.000445
0.000462
0.000460
0.000438
0.000454
0.000446
0.000438
0.000437
0.000441
0.000450
0.000463
0.000455
0.000437
0.000437
0.000442
0.000437
0.000447
0.000435
0.000439
0.000516
0.000650
0.000475
0.000440
0.000437
0.000437
0.000456
0.000438
0.000449
0.000522
0.000647
0.000465
0.000492
0.000464
0.000461
0.000450
0.000437
0.000437
0.000437
0.000454
0.000522
0.000458
0.000513
0.000475
0.000442
0.000437
0.000446
0.000461
0.000435
0.000599
0.000473
0.000516
0.000442
0.000435
0.000437
0.000438
0.000439
0.000469
0.000622
0.000553
0.000450
0.000438
0.000437
0.000438
0.000437
0.000439
0.000437
0.000460
0.000651
0.000466
0.000439
0.000477
0.000437
0.000439
0.000448
0.000459
0.000461
0.000563
0.000507
0.000488
0.000469
0.000438
0.000449
0.000504
0.000464
0.000667
0.000618
0.000494
0.000673
0.000516
0.000522
0.000438
0.000437
0.000439
0.000452
0.000508
0.000562
0.000437
0.000438
0.000512
0.000437
0.000439
0.000548
0.000468
0.000447
0.000492
0.000476
0.000437
0.000439
0.000471
0.000438
0.000438
0.000691
0.000572
0.000479
0.000563
0.000442
0.000439
0.000438
0.000438
0.000516
0.000688
0.000680
0.000442
0.000581
0.001255
0.000674
0.000460
0.000564
0.000467
0.000789
0.000695
0.000686
0.000851
0.000773
0.000640
0.000733
0.000876
0.000464
0.000499
0.001262
0.000688
0.000515
0.000522
0.000555
0.000486
0.000473
0.000574
0.000488
0.000833
0.000799
0.000808
0.000788
0.000539
0.000800
0.000441
0.000528
0.000581
0.000510
0.000438
0.000439
0.000440
0.000448
0.000470
0.000445
0.000631
0.000440
0.000513
0.000450
0.000465
0.000454
0.000465
0.000455
0.000493
0.000572
0.000484
0.000475
0.000851
0.000447
0.000443
0.000499
0.000434
0.000457
0.000440
0.000513
0.000521
0.000505
0.000779
0.000434
0.000710
0.000441
0.000438
0.000437
0.000455
0.000831
0.000689
0.000684
0.000438
0.000438
0.000458
0.000436
0.000639
0.000646
0.000808
0.000773
0.000825
0.000450
0.000532
0.000627
0.000870
0.000482
0.000457
0.000455
0.000438
0.000518
0.000456
0.000499
0.000471
0.000883
0.000501
0.000767
0.000485
0.000993
0.000709
0.000864
0.000776
0.000487
0.000437
0.000453
0.000437
0.000439
0.000472
0.000486
0.000474
0.000434
0.000456
0.000435
0.000434
0.000434
0.000433
0.000439
0.000444
0.000726
0.000457
0.000483
0.000438
0.000532
0.000437
0.000437
0.000452
0.000451
0.000450
0.000465
0.000472
0.000481
0.000437
0.000446
0.000437
0.000439
0.000506
0.000512
0.000646
0.000456
0.000440
0.000437
0.000438
0.000437
0.000435
0.000453
0.000464
0.000541
0.000468
0.000438
0.000438
0.000434
0.000437
0.000461
0.000437
0.000690
0.000484
0.000494
0.000473
0.000434
0.000437
0.000437
0.000456
0.000437
0.000442
0.000497
0.000463
0.000510
0.000448
0.000464
0.000438
0.000437
0.000437
0.000434
0.000438
0.000447
0.000463
0.000469
0.000490
0.000438
0.000437
0.000437
0.000438
0.000468
0.000438
0.000458
0.000440
0.000455
0.000434
0.000437
0.000457
0.000481
0.000440
0.000434
0.000438
0.000470
0.000439
0.000457
0.000434
0.000438
0.000440
0.000435
0.000465
0.000438
0.000438
0.000726
0.000535
0.000478
0.000439
0.000477
0.000434
0.000438
0.000450
0.000440
0.000439
0.000452
0.000580
0.000493
0.000473
0.000437
0.000437
0.000554
0.000439
0.000621
0.000520
0.000475
0.000454
0.000439
0.000437
0.000439
0.000437
0.000477
0.000438
0.000567
0.000649
0.000437
0.000438
0.000437
0.000454
0.000434
0.000440
0.000519
0.000533
0.000527
0.000474
0.000440
0.000437
0.000438
0.000540
0.000437
0.000479
0.000448
0.000439
0.000448
0.000474
0.000437
0.000438
0.000529
0.000458
0.000457
0.000507
0.000468
0.000655
0.000532
0.000437
0.000587
0.000592
0.000719
0.000651
0.000702
0.000435
0.000457
0.000442
0.000704
0.000444
0.000690
0.000461
0.000544
0.000570
0.000452
0.000444
0.000437
0.000437
0.000473
0.000437
0.000450
0.000436
0.000944
0.000483
0.000437
0.000438
0.000434
0.000437
0.000437
0.000447
0.000507
0.000441
0.000468
0.000493
0.000484
0.000440
0.000437
0.000457
0.000434
0.000437
0.000446
0.000463
0.000574
0.000501
0.000493
0.000437
0.000445
0.000442
0.000434
0.000438
0.000457
0.000453
0.000477
0.000715
0.000493
0.000434
0.000439
0.000439
0.000443
0.000467
0.000466
0.000442
0.000641
0.000450
0.000437
0.000479
0.000439
0.000438
0.000442
0.000450
0.000467
0.000477
0.000653
0.000472
0.000438
0.000433
0.000438
0.000463
0.000437
0.000454
0.000435
0.000524
0.000519
0.000504
0.000479
0.000442
0.000455
0.000475
0.000444
0.000456
0.000657
0.000450
0.000439
0.000437
0.000456
0.000437
0.000451
0.000460
0.000589
0.000552
0.000478
0.000440
0.000467
0.000438
0.000439
0.000437
0.000457
0.000476
0.000495
0.000475
0.000438
0.000445
0.000437
0.000438
0.000466
0.000439
0.000461
0.000461
0.000498
0.000454
0.000485
0.000435
0.000435
0.000438
0.000438
0.000476
0.000464
0.000438
0.000455
0.000436
0.000438
0.000438
0.000459
0.000434
0.000483
0.000438
0.000544
0.000640
0.000479
0.000453
0.000437
0.000437
0.000439
0.000441
0.000475
0.000439
0.000572
0.000484
0.000485
0.000468
0.000438
0.000450
0.000437
0.000437
0.000515
0.000438
0.000527
0.000437
0.000439
0.000438
0.000458
0.000437
0.000468
0.000674
0.000540
0.000490
0.000502
0.000438
0.000450
0.000436
0.000438
0.000437
0.000445
0.000435
0.000820
0.000525
0.000442
0.000437
0.000437
0.000435
0.000461
0.000440
0.000437
0.000438
0.000651
0.000452
0.000463
0.000438
0.000456
0.000434
0.000437
0.000455
0.000463
0.000645
0.000495
0.000459
0.000437
0.000437
0.000456
0.000438
0.000457
0.000439
0.000453
0.000611
0.000450
0.000437
0.000437
0.000450
0.000435
0.000468
0.000438
0.000652
0.000648
0.000462
0.000494
0.000437
0.000438
0.000437
0.000443
0.000480
0.000480
0.000488
0.000548
0.000525
0.000437
0.000437
0.000437
0.000440
0.000646
0.000486
0.000474
0.000437
0.000473
0.000439
0.000437
0.000437
0.000439
0.000435
0.000450
0.000602
0.000508
0.000451
0.000437
0.000438
0.000437
0.000437
0.000437
0.000493
0.000435
0.000516
0.000840
0.000483
0.000434
0.000437
0.000434
0.000437
0.000441
0.000440
0.000450
0.000474
0.000477
0.000437
0.000437
0.000483
0.000434
0.000446
0.000604
0.000438
0.000633
0.000453
0.000437
0.000438
0.000469
0.000437
0.000444
0.000690
0.000667
0.000623
0.000550
0.000487
0.000623
0.000717
0.000467
0.000543
0.000653
0.000808
0.001163
0.000647
0.000529
0.000471
0.000472
0.000455
0.000471
0.000505
0.000669
0.000651
0.000611
0.000500
0.000525
0.000523
0.000470
0.000462
0.000561
0.000453
0.000618
0.000511
0.000539
0.000439
0.000438
0.000438
0.000438
0.000438
0.000438
0.000458
0.000440
0.000453
0.000437
0.000437
0.000495
0.000437
0.000437
0.000450
0.000441
0.000548
0.000492
0.000530
0.000438
0.000472
0.000437
0.000437
0.000454
0.000441
0.000464
0.000466
0.000591
0.000468
0.000445
0.000439
0.000436
0.000456
0.000439
0.000459
0.000475
0.000454
0.000437
0.000643
0.000486
0.000468
0.000516
0.000469
0.000481
0.000438
0.000441
0.000465
0.000479
0.000454
0.000437
0.000452
0.000437
0.000437
0.000441
0.000455
0.000457
0.000478
0.000437
0.000434
0.000439
0.000434
0.000446
0.000480
0.000439
0.000457
0.000437
0.000468
0.000441
0.000437
0.000467
0.000437
0.000465
0.000469
0.000467
0.000594
0.000510
0.000435
0.000437
0.000446
0.000439
0.000528
0.000440
0.000438
0.000455
0.000537
0.000522
0.000474
0.000437
0.000439
0.000441
0.000437
0.000573
0.000531
0.000648
0.000522
0.000441
0.000438
0.000437
0.000438
0.000438
0.000446
0.000461
0.000464
0.000462
0.000438
0.000433
0.000437
0.000434
0.000434
0.000437
0.000439
0.000585
0.000650
0.000511
0.000449
0.000437
0.000437
0.000437
0.000438
0.000437
0.000435
0.000521
0.000629
0.000480
0.000440
0.000539
0.000458
0.000438
0.000438
0.000676
0.000531
0.000628
0.000474
0.000440
0.000456
0.000439
0.000434
0.000457
0.000682
0.000584
0.000530
0.000522
0.000438
0.000458
0.000446
0.000439
0.000438
0.000441
0.000443
0.000669
0.000571
0.000522
0.000437
0.000445
0.000434
0.000471
0.000436
0.000466
0.000437
0.000453
0.000576
0.000455
0.000438
0.000439
0.000438
0.000437
0.000437
0.000437
0.000437
0.000663
0.000603
0.000472
0.000438
0.000446
0.000453
0.000456
0.000485
0.000439
0.000542
0.000477
0.000614
0.000482
0.000458
0.000437
0.000437
0.000458
0.000443
0.000867
0.000506
0.000457
0.000437
0.000434
0.000434
0.000438
0.000437
0.000438
0.000434
0.000536
0.000514
0.000446
0.000449
0.000439
0.000480
0.000478
0.000438
0.000440
0.000477
0.000583
0.000472
0.000434
0.000438
0.000434
0.000471
0.000465
0.000437
0.000442
0.000456
0.000438
0.000475
0.000457
0.000438
0.000437
0.000451
0.000458
0.000437
0.000440
0.000448
0.000440
0.000445
0.000437
0.000437
0.000457
0.000439
0.000466
0.000438
0.000439
0.000442
0.000437
0.000488
0.000437
0.000435
0.000456
0.000439
0.000445
0.000438
0.000436
0.000474
0.000438
0.000450
0.000437
0.000434
0.000435
0.000442
0.000473
0.000471
0.000641
0.000476
0.000697
0.000483
0.000485
0.000493
0.000485
0.000444
0.000483
0.000652
0.000481
0.000438
0.000434
0.000434
0.000437
0.000435
0.000454
0.000440
0.000575
0.000475
0.000470
0.000462
0.000434
0.000437
0.000449
0.000441
0.000472
0.000438
0.000471
0.000469
0.000496
0.000437
0.000438
0.000453
0.000461
0.000440
0.000434
0.000670
0.000605
0.000466
0.000437
0.000437
0.000463
0.000520
0.000440
0.000445
0.000438
0.000765
0.000474
0.000441
0.000434
0.000475
0.000496
0.000437
0.000456
0.000529
0.000441
0.000513
0.000516
0.000458
0.000491
0.000437
0.000435
0.000723
0.000472
0.000548
0.000508
0.000472
0.000438
0.000438
0.000437
0.000437
0.000459
0.000452
0.000506
0.000472
0.000434
0.000434
0.000450
0.000452
0.000514
0.000445
0.000679
0.000595
0.000501
0.000500
0.000438
0.000450
0.000438
0.000438
0.000490
0.000438
0.000465
0.000435
0.000461
0.000443
0.000438
0.000457
0.000457
0.000437
0.000434
0.000626
0.000707
0.000477
0.000439
0.000437
0.000579
0.000470
0.000504
0.000443
0.000670
0.000688
0.000551
0.000478
0.000434
0.000460
0.000438
0.000438
0.000442
0.000673
0.000464
0.000493
0.000481
0.000463
0.000442
0.000437
0.000456
0.000437
0.000438
0.000454
0.000545
0.000575
0.000476
0.000462
0.000440
0.000470
0.000438
0.000449
0.000440
0.000445
0.000480
0.000444
0.000437
0.000449
0.000437
0.000439
0.000442
0.000453
0.000460
0.000458
0.000515
0.000473
0.000439
0.000437
0.000484
0.000438
0.000434
0.000448
0.000439
0.000692
0.000515
0.000511
0.000441
0.000436
0.000439
0.000438
0.000549
0.000597
0.000477
0.000438
0.000511
0.000437
0.000435
0.000437
0.000450
0.000462
0.000469
0.000491
0.000463
0.000455
0.000437
0.000456
0.000435
0.000437
0.000442
0.000457
0.000461
0.000744
0.000553
0.000461
0.000438
0.000434
0.000455
0.000454
0.000462
0.000687
0.000518
0.000462
0.000521
0.000488
0.000444
0.000445
0.000437
0.000676
0.000541
0.000523
0.000476
0.000438
0.000434
0.000483
0.000444
0.000437
0.000441
0.000439
0.000488
0.000467
0.000490
0.000437
0.000434
0.000445
0.000439
0.000445
0.000440
0.000473
0.000473
0.000454
0.000482
0.000459
0.000438
0.000435
0.000438
0.000437
0.000456
0.000458
0.000522
0.000478
0.000437
0.000467
0.000482
0.000453
0.000437
0.000456
0.000597
0.000512
0.000471
0.000438
0.000437
0.000438
0.000458
0.000434
0.000449
0.000466
0.000567
0.000478
0.000473
0.000462
0.000438
0.000438
0.000445
0.000437
0.000499
0.000440
0.000492
0.000479
0.000482
0.000442
0.000438
0.000438
0.000438
0.000441
0.000654
0.000651
0.000489
0.000575
0.000524
0.000647
0.000566
0.000697
0.000677
0.000561
0.000653
0.000512
0.000531
0.000741
0.000483
0.000564
0.000472
0.000512
0.000473
0.000633
0.000662
0.000642
0.000507
0.000522
0.000472
0.000485
0.000585
0.000480
0.000661
0.000614
0.000495
0.000454
0.000455
0.000469
0.000437
0.000437
0.000438
0.000569
0.000663
0.000472
0.000573
0.000437
0.000453
0.000447
0.000437
0.000437
0.000497
0.001642
0.000677
0.000458
0.000474
0.000477
0.000684
0.000451
0.000578
0.000463
0.000485
0.000437
0.000438
0.000437
0.000475
0.000441
0.000446
0.000445
0.000438
0.000438
0.000445
0.000437
0.000436
0.000438
0.000445
0.000439
0.000606
0.000476
0.000464
0.000455
0.000438
0.000434
0.000513
0.000437
0.000447
0.000438
0.000441
0.000438
0.000457
0.000437
0.000437
0.000454
0.000438
0.000434
0.000437
0.000441
0.000457
0.000439
0.000474
0.000445
0.000437
0.000504
0.000437
0.000437
0.000438
0.000524
0.000653
0.000475
0.000459
0.000434
0.000503
0.000439
0.000445
0.000461
0.000446
0.000710
0.000490
0.000469
0.000434
0.000498
0.000434
0.000434
0.000437
0.000461
0.000547
0.000486
0.000449
0.000492
0.000438
0.000438
0.000437
0.000439
0.000443
0.000439
0.000536
0.000522
0.000477
0.000450
0.000437
0.000437
0.000462
0.000437
0.000445
0.000454
0.000526
0.000478
0.000438
0.000437
0.000434
0.000437
0.000437
0.000471
0.000632
0.000563
0.000478
0.000594
0.000438
0.000438
0.000464
0.000438
0.000447
0.000438
0.000457
0.000492
0.000448
0.000434
0.000460
0.000439
0.000434
0.000439
0.000468
0.000435
0.000442
0.000434
0.000466
0.000438
0.000438
0.000439
0.000437
0.000437
0.000434
0.000435
0.000451
0.000602
0.000458
0.000452
0.000456
0.000439
0.000457
0.000471
0.000461
0.000577
0.000664
0.000477
0.000439
0.000435
0.000451
0.000449
0.000450
0.000439
0.000445
0.000587
0.000505
0.000477
0.000437
0.000437
0.000435
0.000454
0.000471
0.000438
0.000454
0.000647
0.000487
0.000464
0.000438
0.000438
0.000438
0.000437
0.000439
0.000441
0.000436
0.000510
0.000472
0.000475
0.000437
0.000454
0.000477
0.000434
0.000448
0.000438
0.000466
0.000712
0.000474
0.000435
0.000472
0.000434
0.000456
0.000437
0.000438
0.000439
0.000491
0.000438
0.000468
0.000438
0.000491
0.000437
0.000437
0.000434
0.000437
0.000440
0.000500
0.000441
0.000472
0.000475
0.000460
0.000436
0.000437
0.000445
0.000438
0.000473
0.000488
0.000515
0.000470
0.000480
0.000437
0.000438
0.000437
0.000447
0.000435
0.000438
0.000450
0.000458
0.000459
0.000477
0.000438
0.000442
0.000437
0.000434
0.000440
0.000438
0.000629
0.000496
0.000437
0.000437
0.000437
0.000461
0.000434
0.000437
0.000501
0.000683
0.000655
0.000693
0.000494
0.000735
0.000557
0.000897
0.000510
0.000666
0.000548
0.000521
0.000438
0.000434
0.000437
0.000437
0.000437
0.000597
0.000476
0.000572
0.000514
0.000438
0.000457
0.000444
0.000435
0.000437
0.000441
0.000438
0.000473
0.000473
0.000467
0.000495
0.000438
0.000446
0.000437
0.000437
0.000502
0.000620
0.000637
0.000474
0.000465
0.000524
0.000464
0.000437
0.000481
0.000435
0.000670
0.000601
0.000541
0.000439
0.000434
0.000437
0.000434
0.000450
0.000437
0.000476
0.000527
0.000548
0.000450
0.000437
0.000448
0.000444
0.000508
0.000438
0.000444
0.000457
0.000603
0.000476
0.000441
0.000463
0.000437
0.000452
0.000438
0.000446
0.000449
0.000440
0.000453
0.000438
0.000438
0.000437
0.000491
0.000437
0.000443
0.000472
0.000690
0.000438
0.000457
0.000438
0.000442
0.000437
0.000437
0.000437
0.000685
0.000663
0.000440
0.000468
0.000440
0.000457
0.000438
0.000439
0.000438
0.000437
0.000499
0.000488
0.000469
0.000471
0.000440
0.000434
0.000435
0.000437
0.000456
0.000439
0.000435
0.000449
0.000439
0.000509
0.000435
0.000456
0.000440
0.000434
0.000446
0.000434
0.000435
0.000539
0.000842
0.000434
0.000450
0.000437
0.000438
0.000437
0.000450
0.000442
0.000525
0.000484
0.000636
0.000464
0.000437
0.000439
0.000439
0.000455
0.000439
0.000467
0.000435
0.000439
0.000437
0.000441
0.000438
0.000438
0.000434
0.000437
0.000437
0.000457
0.000439
0.000660
0.000558
0.000513
0.000437
0.000443
0.000459
0.000434
0.000472
0.000438
0.000438
0.000917
0.000468
0.000441
0.000437
0.000456
0.000437
0.000458
0.000455
0.000441
0.000502
0.000438
0.000496
0.000444
0.000481
0.000659
0.000521
0.000525
0.000541
0.000609
0.000450
0.000439
0.000438
0.000571
0.000439
0.000525
0.000474
0.000673
0.000523
0.000472
0.000482
0.000437
0.000439
0.000439
0.000437
0.000701
0.000537
0.000662
0.000477
0.000437
0.000434
0.000458
0.000437
0.000449
0.000682
0.000480
0.000436
0.000475
0.000445
0.000434
0.000456
0.000515
0.000525
0.000445
0.000611
0.000491
0.000482
0.000437
0.000438
0.000455
0.000437
0.000438
0.000455
0.000684
0.000527
0.000517
0.000452
0.000467
0.000438
0.000545
0.000455
0.000475
0.000441
0.000506
0.000460
0.000444
0.000518
0.000492
0.000437
0.000443
0.000437
0.000445
0.000491
0.000449
0.000460
0.000521
0.000440
0.000434
0.000464
0.000438
0.000437
0.000452
0.000445
0.000439
0.000486
0.000492
0.000437
0.000484
0.000499
0.000438
0.000445
0.000437
0.000471
0.000545
0.000520
0.000583
0.000541
0.000788
0.000675
0.000663
0.000634
0.000624
0.000666
0.000714
0.000682
0.000530
0.000679
0.000917
0.000602
0.000474
0.000547
0.000520
0.000721
0.000694
0.000727
0.000500
0.000548
0.000580
0.000484
0.000709
0.000503
0.000496
0.000539
0.000511
0.000470
0.000473
0.000476
0.000475
0.000654
0.000735
0.000581
0.000515
0.000572
0.000496
0.000488
0.000484
0.000474
0.000597
0.000552
0.000457
0.000451
0.000455
0.000434
0.000468
0.000588
0.000585
0.000914
0.000515
0.000438
0.000438
0.000437
0.000454
0.000483
0.000439
0.000451
0.000715
0.000473
0.000461
0.000436
0.000437
0.000450
0.000463
0.000448
0.000439
0.000485
0.000477
0.000516
0.000437
0.000456
0.000437
0.000438
0.000487
0.000446
0.000458
0.000576
0.000435
0.000468
0.000519
0.000437
0.000437
0.000460
0.000434
0.000471
0.000445
0.000613
0.000529
0.000511
0.000466
0.000439
0.000584
0.000437
0.000437
0.000653
0.000536
0.000470
0.000541
0.000437
0.000437
0.000438
0.000437
0.000434
0.000438
0.000669
0.000517
0.000518
0.000526
0.000439
0.000475
0.000438
0.000440
0.000463
0.000660
0.000471
0.000490
0.000470
0.000437
0.000475
0.000460
0.000438
0.000438
0.000472
0.000570
0.000616
0.000484
0.000447
0.000454
0.000438
0.000444
0.000447
0.000447
0.000457
0.000452
0.000567
0.000468
0.000439
0.000438
0.000438
0.000456
0.000434
0.000707
0.000456
0.000463
0.000473
0.000445
0.000465
0.000438
0.000438
0.000484
0.000457
0.000611
0.000728
0.000490
0.000435
0.000434
0.000520
0.000438
0.000479
0.000440
0.000497
0.000481
0.000467
0.000434
0.000522
0.000542
0.000512
0.000490
0.000527
0.000467
0.000437
0.000437
0.000456
0.000435
0.000438
0.000464
0.000459
0.000600
0.000503
0.000526
0.000434
0.000434
0.000457
0.000503
0.000440
0.000667
0.000564
0.000611
0.000476
0.000459
0.000438
0.000434
0.000438
0.000459
0.000667
0.000688
0.000521
0.000480
0.000438
0.000438
0.000446
0.000435
0.000449
0.000439
0.000446
0.000627
0.000458
0.000452
0.000445
0.000434
0.000437
0.000435
0.000460
0.000458
0.000495
0.000530
0.000479
0.000441
0.000437
0.000438
0.000437
0.000498
0.000676
0.000499
0.000504
0.000489
0.000457
0.000437
0.000437
0.000437
0.000469
0.000447
0.000438
0.000455
0.000555
0.000450
0.000472
0.000491
0.000437
0.000438
0.000449
0.000451
0.000661
0.000465
0.000576
0.000524
0.000437
0.000434
0.000437
0.000459
0.000435
0.000466
0.000456
0.000593
0.000476
0.000463
0.000437
0.000437
0.000477
0.000439
0.000437
0.000668
0.000613
0.000493
0.000470
0.000434
0.000435
0.000437
0.000446
0.000444
0.000488
0.000566
0.000470
0.000435
0.000455
0.000436
0.000488
0.000446
0.000468
0.000470
0.000446
0.000733
0.000521
0.000711
0.000486
0.000576
0.000494
0.000497
0.000589
0.000554
0.000463
0.000471
0.000434
0.000437
0.000439
0.000443
0.000439
0.000440
0.000444
0.000622
0.000587
0.000502
0.000480
0.000437
0.000513
0.000454
0.000675
0.000473
0.000467
0.000438
0.000438
0.000438
0.000438
0.000496
0.000439
0.000443
0.000438
0.000476
0.000439
0.000442
0.000453
0.000458
0.000461
0.000456
0.000580
0.000644
0.000561
0.000441
0.000437
0.000437
0.000450
0.000463
0.000471
0.000536
0.000496
0.000451
0.000464
0.000434
0.000438
0.000434
0.000506
0.000437
0.000440
0.000581
0.000530
0.000476
0.000434
0.000438
0.000437
0.000433
0.000438
0.000435
0.000520
0.000495
0.000472
0.000434
0.000488
0.000442
0.000446
0.000437
0.000437
0.000468
0.000487
0.000477
0.000442
0.000472
0.000438
0.000438
0.000487
0.000470
0.000455
0.000437
0.000577
0.000634
0.000500
0.000437
0.000437
0.000464
0.000434
0.000469
0.000444
0.000542
0.000622
0.000479
0.000440
0.000437
0.000515
0.000437
0.000439
0.000479
0.000435
0.000461
0.000435
0.000499
0.000446
0.000458
0.000437
0.000437
0.000474
0.000434
0.000476
0.000618
0.000512
0.000466
0.000437
0.000438
0.000437
0.000452
0.000449
0.000682
0.000528
0.000439
0.000475
0.000474
0.000445
0.000437
0.000437
0.000449
0.000452
0.000710
0.000562
0.000687
0.000444
0.000437
0.000437
0.000439
0.000439
0.000437
0.000487
0.000690
0.000649
0.000520
0.000527
0.000582
0.000707
0.000455
0.000520
0.000676
0.000476
0.000534
0.000439
0.000446
0.000485
0.000437
0.000438
0.000446
0.000443
0.000490
0.000438
0.000485
0.000440
0.000437
0.000438
0.000437
0.000434
0.000468
0.000760
0.000559
0.000454
0.000434
0.000439
0.000437
0.000442
0.000437
0.000437
0.000524
0.000508
0.000501
0.000496
0.000591
0.000433
0.000434
0.000437
0.000476
0.000434
0.000504
0.000652
0.000492
0.000514
0.000433
0.000437
0.000446
0.000437
0.000438
0.000437
0.000451
0.000523
0.000455
0.000442
0.000437
0.000447
0.000434
0.000437
0.000463
0.000664
0.000693
0.000539
0.000534
0.000437
0.000437
0.000438
0.000442
0.000511
0.000438
0.000529
0.000438
0.000544
0.000446
0.000435
0.000438
0.000437
0.000438
0.000466
0.000472
0.000591
0.000521
0.000471
0.000437
0.000437
0.000434
0.000521
0.000449
0.000683
0.000452
0.000477
0.000518
0.000438
0.000438
0.000438
0.000513
0.000437
0.000466
0.000575
0.000487
0.000473
0.000437
0.000438
0.000434
0.000481
0.000439
0.000479
0.000438
0.000643
0.000782
0.000504
0.000439
0.000439
0.000483
0.000438
0.000435
0.000655
0.000883
0.000601
0.000650
0.000953
0.000445
0.000457
0.000536
0.000690
0.000634
0.000783
0.000905
0.000504
0.000519
0.000680
0.000715
0.000495
0.000623
0.000534
0.000504
0.000475
0.000662
0.000548
0.000709
0.000499
0.000609
0.000510
0.000492
0.000585
0.000677
0.000517
0.000477
0.000454
0.000458
0.000454
0.000486
0.000464
0.000568
0.000505
0.000487
0.000456
0.000452
0.000454
0.000451
0.000517
0.000458
0.000614
0.000708
0.000511
0.000470
0.000438
0.000463
0.000437
0.000439
0.000439
0.000440
0.000466
0.000438
0.000521
0.000434
0.000437
0.000437
0.000437
0.000438
0.000437
0.000440
0.000642
0.000611
0.000450
0.000437
0.000434
0.000437
0.000436
0.000462
0.000584
0.000454
0.000480
0.000438
0.000442
0.000437
0.000445
0.000489
0.000433
0.000437
0.000436
0.000441
0.000546
0.000526
0.000438
0.000437
0.000434
0.000436
0.000438
0.000481
0.000563
0.000469
0.000502
0.000437
0.000438
0.000467
0.000437
0.000433
0.000437
0.000438
0.000498
0.000524
0.000516
0.000445
0.000440
0.000454
0.000437
0.000437
0.000480
0.000690
0.000584
0.000497
0.000523
0.000441
0.000434
0.000437
0.000471
0.000452
0.000647
0.000456
0.000438
0.000475
0.000438
0.000434
0.000454
0.000446
0.000437
0.000492
0.000468
0.000442
0.000643
0.000528
0.000476
0.000438
0.000482
0.000438
0.000437
0.000695
0.000468
0.000565
0.000476
0.000549
0.000472
0.000478
0.000451
0.000439
0.000474
0.000538
0.000445
0.000437
0.000439
0.000459
0.000534
0.000468
0.000666
0.000502
0.000613
0.000516
0.000438
0.000437
0.000434
0.000478
0.000493
0.000480
0.000447
0.000462
0.000453
0.000445
0.000437
0.000440
0.000438
0.000439
0.000438
0.000439
0.000495
0.000437
0.000452
0.000504
0.000437
0.000438
0.000454
0.000469
0.000450
0.000438
0.000630
0.000475
0.000481
0.000438
0.000437
0.000434
0.000437
0.000437
0.000449
0.000486
0.000540
0.000553
0.000471
0.000439
0.000437
0.000439
0.000455
0.000437
0.000441
0.000440
0.000456
0.000491
0.000457
0.000557
0.000437
0.000439
0.000438
0.000446
0.000444
0.000438
0.000491
0.000568
0.000475
0.000437
0.000434
0.000456
0.000446
0.000439
0.000453
0.000589
0.000636
0.000472
0.000472
0.000434
0.000437
0.000448
0.000438
0.000448
0.000438
0.000656
0.000460
0.000492
0.000686
0.000438
0.000686
0.000811
0.000437
0.000495
0.000553
0.000740
0.000754
0.000780
0.000457
0.000768
0.000442
0.000608
0.001158
0.000456
0.000496
0.000768
0.000441
0.000473
0.000440
0.000439
0.000459
0.000480
0.000739
0.000440
0.000779
0.000542
0.000771
0.000455
0.000435
0.000456
0.000438
0.000462
0.000439
0.000483
0.000464
0.000497
0.000794
0.000693
0.000928
0.000864
0.000778
0.000770
0.001317
0.000958
0.000491
0.000451
0.000836
0.000456
0.000621
0.000651
0.000601
0.000450
0.000809
0.000437
0.000434
0.000450
0.000438
0.000606
0.000852
0.000438
0.000516
0.000441
0.000445
0.000436
0.000445
0.000483
0.000473
0.000461
0.001013
0.000456
0.000454
0.000766
0.000451
0.000828
0.000893
0.000646
0.000474
0.000437
0.000484
0.000632
0.000519
0.000455
0.000440
0.000437
0.000437
0.000443
0.000497
0.000443
0.000509
0.000556
0.000473
0.000438
0.000438
0.000458
0.000437
0.000455
0.000439
0.000450
0.000524
0.000486
0.000517
0.000438
0.000437
0.000433
0.000437
0.000468
0.000450
0.000439
0.000487
0.000439
0.000456
0.000441
0.000439
0.000438
0.000460
0.000442
0.000468
0.000436
0.000464
0.000483
0.000476
0.000457
0.000465
0.000483
0.000437
0.000433
0.000454
0.000490
0.000495
0.000489
0.000464
0.000437
0.000481
0.000437
0.000434
0.000515
0.000542
0.000626
0.000507
0.000437
0.000435
0.000443
0.000438
0.000437
0.000434
0.000438
0.000568
0.000588
0.000528
0.000438
0.000452
0.000455
0.000448
0.000450
0.000442
0.000639
0.000659
0.000479
0.000498
0.000457
0.000479
0.000437
0.000497
0.000454
0.000559
0.000508
0.000500
0.000469
0.000437
0.000453
0.000435
0.000454
0.000495
0.000623
0.000481
0.000439
0.000442
0.000437
0.000556
0.000440
0.000437
0.000439
0.000455
0.000691
0.000474
0.000446
0.000438
0.000462
0.000461
0.000434
0.000437
0.000469
0.000454
0.000439
0.000453
0.000439
0.000434
0.000455
0.000460
0.000438
0.000437
0.000457
0.000438
0.000664
0.000640
0.000475
0.000437
0.000435
0.000438
0.000437
0.000453
0.000438
0.000467
0.000439
0.000481
0.000438
0.000437
0.000437
0.000445
0.000458
0.000438
0.000434
0.000494
0.000444
0.000556
0.000476
0.000472
0.000437
0.000438
0.000437
0.000437
0.000437
0.000439
0.000454
0.000635
0.000472
0.000437
0.000458
0.000438
0.000437
0.000435
0.000453
0.000439
0.000469
0.000438
0.000447
0.000439
0.000447
0.000437
0.000437
0.000437
0.000496
0.000659
0.000610
0.000492
0.000444
0.000439
0.000496
0.000434
0.000438
0.000477
0.000438
0.000603
0.000569
0.000524
0.000437
0.000462
0.000437
0.000437
0.000439
0.000438
0.000603
