0.001963
0.002562
0.001533
0.001529
0.001704
0.008240
0.001595
0.002272
0.001532
0.001551
0.001710
0.001558
0.001644
0.001579
0.001458
0.001490
0.001606
0.082665
0.001949
0.001624
0.001619
0.001649
0.001797
0.001503
0.001495
0.001464
0.002915
0.001969
0.001667
0.001590
0.001569
0.001561
0.001582
0.007291
0.001547
0.001506
0.001800
0.001700
0.001514
0.001570
0.001560
0.001684
0.001782
0.001597
0.001419
0.001523
0.001510
0.001537
0.001538
0.001908
0.001488
0.001760
0.001647
0.001538
0.001545
0.001619
0.001591
0.006939
0.001696
0.001543
0.002057
0.052629
0.001719
0.001837
0.001702
0.001634
0.001471
0.001621
0.001971
0.006909
0.001561
0.001543
0.014149
0.001745
0.001699
0.001561
0.001737
0.001595
0.001671
0.001657
0.001519
0.001541
0.001548
0.001940
0.001529
0.001533
0.001637
0.001534
0.001509
0.001911
0.001616
0.001529
0.001510
0.001471
0.001766
0.001571
0.001590
0.001515
0.001538
0.001561
0.003976
0.006747
0.001490
0.001583
0.001557
0.001686
0.001474
0.049919
0.001701
0.001474
0.001747
0.001855
0.001544
0.001521
0.001636
0.001446
0.001601
0.001751
0.001569
0.001558
0.001528
0.001686
0.001958
0.001557
0.001564
0.001510
0.001942
0.001577
0.001526
0.001744
0.001462
0.001499
0.001816
0.001504
0.001522
0.001569
0.001498
0.001528
0.005682
0.001983
0.001513
0.001777
0.001597
0.001579
0.001540
0.001550
0.001609
0.001525
0.001744
0.001555
0.001511
0.002145
0.001534
0.001595
0.001547
0.001622
0.001704
0.001449
0.001682
0.001499
0.001565
0.001545
0.001506
0.083149
0.001649
0.001664
0.001615
0.001625
0.001640
0.001548
0.001507
0.001549
0.001537
0.001725
0.001751
0.001532
0.001614
0.001921
0.014013
0.001564
0.001567
0.001563
0.001616
0.001648
0.001583
0.001559
0.001544
0.001477
0.045961
0.001584
0.001635
0.001810
0.002007
0.001538
0.001589
0.001554
0.027047
0.001531
0.002068
0.001794
0.001766
0.001842
0.001545
0.001794
0.001565
0.001748
0.001572
0.001673
0.001615
0.001550
0.001616
0.001649
0.001670
0.001968
0.001544
0.001570
0.001628
0.001454
0.001526
0.001489
0.001649
0.001631
0.015506
0.001503
0.001584
0.005235
0.011635
0.001648
0.001625
0.001529
0.001539
0.001520
0.001961
0.001603
0.001700
0.001543
0.001552
0.001570
0.001505
0.001581
0.001752
0.013872
0.001546
0.001506
0.009177
0.001506
0.001729
0.001492
0.001532
0.001574
0.001637
0.001675
0.001571
0.001647
0.001658
0.001713
0.001916
0.001633
0.001653
0.003008
0.001454
0.001551
0.001553
0.001479
0.002163
0.001653
0.001630
0.001543
0.003814
0.007402
0.001492
0.001541
0.002053
0.001537
0.001454
0.002331
0.001543
0.001732
0.001561
0.001552
0.001539
0.001668
0.001927
0.001638
0.001601
0.001653
0.001627
0.001605
0.001755
0.001475
0.001524
0.001544
0.001513
0.001506
0.001542
0.001650
0.001702
0.001548
0.001574
0.006846
0.001641
0.001675
0.001644
0.001927
0.001622
0.001608
0.013753
0.001597
0.001512
0.001517
0.001535
0.001625
0.040756
0.001627
0.001655
0.001559
0.001555
0.001870
0.001670
0.001577
0.001510
0.001655
0.001530
0.001555
0.018116
0.001651
0.001919
0.001470
0.001535
0.001589
0.001763
0.001562
0.001554
0.001551
0.006216
0.001580
0.001674
0.001746
0.001560
0.001791
0.001702
0.001661
0.001497
0.001576
0.001629
0.002041
0.001707
0.001649
0.001686
0.001611
0.001876
0.001468
0.001535
0.001587
0.001577
0.002021
0.001629
0.001529
0.001457
0.001544
0.001597
0.001526
0.001900
0.001645
0.001483
0.001455
0.001555
0.001621
0.002055
0.001487
0.014073
0.001799
0.001505
0.001625
0.001583
0.001521
0.001673
0.001536
0.001601
0.001577
0.001940
0.001538
0.001496
0.001664
0.001558
0.001744
0.001503
0.001543
0.001590
0.001614
0.002022
0.001672
0.001709
0.001618
0.001716
0.001635
0.001676
0.003523
0.007124
0.001597
0.001624
0.001815
0.001508
0.001548
0.001668
0.001554
0.001511
0.001678
0.001602
0.001532
0.001513
0.001567
0.001525
0.001544
0.001941
0.001602
0.001773
0.001495
0.001533
0.001565
0.001520
0.001538
0.001784
0.001571
0.001532
0.001486
0.001681
0.001501
0.001846
0.001518
0.001542
0.001611
0.001593
0.001736
0.001619
0.001565
0.001641
0.001540
0.006091
0.002134
0.001678
0.001631
0.001685
0.001510
0.001731
0.041319
0.001530
0.001607
0.001612
0.001576
0.001519
0.001497
0.001458
0.001558
0.001877
0.001627
0.001662
0.002510
0.013854
0.001672
0.001502
0.001646
0.001630
0.006841
0.001661
0.001632
0.001931
0.001736
0.001518
0.001494
0.001604
0.001587
0.001584
0.001663
0.001437
0.001615
0.001486
0.001472
0.001574
0.001490
0.001565
0.001676
0.013689
0.001627
0.001621
0.001637
0.001603
0.001620
0.001716
0.001513
0.001610
0.001520
0.001609
0.001795
0.001628
0.001574
0.002088
0.001791
0.001513
0.001582
0.001550
0.001835
0.001617
0.001542
0.001502
0.001684
0.004089
0.007499
0.001502
0.001554
0.001673
0.001545
0.001626
0.001442
0.001749
0.001522
0.001611
0.001501
0.001461
0.001577
0.001613
0.001845
0.001535
0.001521
0.001694
0.001803
0.001512
0.001526
0.001621
0.001545
0.001852
0.001552
0.001526
0.001645
0.001662
0.001681
0.001630
0.001565
0.001554
0.001729
0.001690
0.001608
0.001639
0.001618
0.001676
0.001685
0.001610
0.001511
0.001538
0.001535
0.001678
0.009600
0.001555
0.001640
0.001761
0.001569
0.001580
0.001481
0.001562
0.001603
0.001514
0.001546
0.001584
0.001487
0.001523
0.001587
0.001555
0.010850
0.001980
0.001452
0.005931
0.001517
0.001555
0.001473
0.001714
0.001604
0.040062
0.001698
0.001535
0.001690
0.001675
0.002051
0.001800
0.001760
0.002978
0.001555
0.001513
0.001567
0.001563
0.001509
0.002044
0.001739
0.001828
0.001567
0.001509
0.001691
0.001622
0.001618
0.001807
0.001603
0.001567
0.001560
0.002634
0.001505
0.001861
0.001541
0.001514
0.006296
0.001581
0.001476
0.041012
0.001742
0.003916
0.007444
0.001583
0.001761
0.001511
0.001561
0.001692
0.001516
0.001509
0.001894
0.001545
0.001600
0.001553
0.001792
0.001481
0.001646
0.001677
0.001584
0.002749
0.001681
0.001587
0.001554
0.001688
0.001715
0.001654
0.001655
0.001581
0.001598
0.001522
0.001739
0.001659
0.001549
0.001572
0.001573
0.001855
0.001561
0.001487
0.001555
0.001505
0.001840
0.001572
0.001511
0.001470
0.012028
0.001496
0.003282
0.007213
0.001659
0.001723
0.001571
0.001826
0.001676
0.001515
0.001543
0.001544
0.001657
0.001697
0.001539
0.001587
0.001495
0.001559
0.001698
0.001797
0.001632
0.001545
0.004893
0.001651
0.003866
0.007410
0.001799
0.001446
0.001444
0.001471
0.001609
0.001560
0.002462
0.001528
0.001649
0.001536
0.001590
0.001708
0.001530
0.001516
0.001513
0.001560
0.001478
0.001929
0.001630
0.001532
0.004055
0.001780
0.003542
0.006980
0.001593
0.001522
0.001606
0.001700
0.001524
0.001546
0.001782
0.008620
0.001703
0.001496
0.001557
0.001493
0.001551
0.001517
0.001744
0.001561
0.001667
0.002808
0.001789
0.001568
0.007716
0.001490
0.001475
0.001965
0.001452
0.001526
0.001530
0.001607
0.002074
0.001514
0.001501
0.001608
0.001549
0.001925
0.001505
0.001582
0.001529
0.001693
0.001682
0.001554
0.001528
0.001498
0.001669
0.001644
0.001505
0.001699
0.001540
0.001828
0.001631
0.001537
0.001504
0.001572
0.001498
0.001809
0.001604
0.001536
0.042052
0.001526
0.001733
0.001921
0.001947
0.001671
0.001551
0.001494
0.001578
0.001486
0.001543
0.001802
0.001575
0.001585
0.001517
0.001702
0.001602
0.001568
0.001567
0.001690
0.001711
0.001548
0.001531
0.001514
0.001901
0.001609
0.001520
0.018244
0.001520
0.003821
0.006961
0.001623
0.001475
0.001587
0.001484
0.001730
0.032269
0.001620
0.001509
0.001616
0.001914
0.001563
0.001552
0.001542
0.001533
0.001660
0.001712
0.001541
0.001536
0.015513
0.001541
0.001668
0.001587
0.001459
0.001603
0.001677
0.001609
0.001495
0.001404
0.001540
0.001532
0.001493
0.001617
0.001481
0.001624
0.001620
0.001534
0.001760
0.001481
0.001635
0.001467
0.001559
0.017018
0.001571
0.003977
0.006711
0.001584
0.001524
0.001568
0.001738
0.001547
0.041738
0.001632
0.001685
0.001539
0.001929
0.001614
0.001737
0.001533
0.001576
0.001518
0.001551
0.001687
0.001441
0.001595
0.001798
0.001503
0.005997
0.001593
0.001590
0.001714
0.001715
0.001567
0.001568
0.002001
0.011442
0.001875
0.001518
0.001577
0.001580
0.001564
0.001620
0.001570
0.001563
0.001564
0.001685
0.001526
0.001658
0.001604
0.002151
0.001591
0.001653
0.001689
0.001697
0.006063
0.001521
0.001540
0.001569
0.001567
0.001599
0.001592
0.001702
0.001782
0.001522
0.001640
0.001508
0.001648
0.001879
0.001721
0.001667
0.001535
0.001547
0.001538
0.007727
0.001557
0.001566
0.001736
0.001532
0.001538
0.001577
0.001653
0.001945
0.001541
0.001582
0.001523
0.001657
0.001667
0.001573
0.001519
0.001608
0.001623
0.001498
0.001886
0.001531
0.004029
0.001593
0.001577
0.001449
0.001502
0.001517
0.001543
0.001714
0.045092
0.001698
0.001603
0.001676
0.001532
0.040117
0.001656
0.001810
0.001634
0.001545
0.001506
0.003211
0.001583
0.001596
0.001699
0.001553
0.001617
0.001431
0.001707
0.001739
0.001628
0.001602
0.001538
0.001515
0.001480
0.001700
0.001579
0.001624
0.001558
0.001577
0.002080
0.001653
0.001516
0.001505
0.001570
0.001717
0.001516
0.010277
0.001597
0.001553
0.001598
0.001559
0.016915
0.001565
0.001510
0.001491
0.001571
0.001885
0.001535
0.001511
0.001608
0.001628
0.001796
0.001672
0.001466
0.001532
0.001573
0.001599
0.006984
0.001571
0.001683
0.001690
0.001503
0.001439
0.001569
0.001494
0.001598
0.001457
0.001543
0.001506
0.001501
0.001794
0.001519
0.001685
0.001624
0.001556
0.001507
0.001508
0.001520
0.002452
0.001738
0.015046
0.001511
0.001527
0.001615
0.002016
0.001464
0.001604
0.001537
0.047516
0.001718
0.001511
0.001607
0.001558
0.001608
0.001744
0.001789
0.001665
0.001565
0.001522
0.001450
0.001898
0.014392
0.005350
0.001540
0.001494
0.001666
0.001626
0.001633
0.001586
0.001603
0.001635
0.001504
0.001499
0.001637
0.001813
0.001759
0.001561
0.001572
0.001510
0.001719
0.001484
0.001521
0.001704
0.001558
0.001557
0.001895
0.001577
0.001515
0.001575
0.001728
0.001793
0.001778
0.001624
0.001665
0.001478
0.001740
0.001516
0.001648
0.001614
0.001517
0.001875
0.001537
0.001548
0.001538
0.001601
0.001965
0.001472
0.013328
0.001724
0.001846
0.001546
0.001639
0.001538
0.001529
0.001571
0.001557
0.001599
0.001853
0.001522
0.001741
0.001942
0.001615
0.001685
0.001631
0.001797
0.001618
0.001711
0.001553
0.003228
0.001569
0.002954
0.001636
0.001570
0.001752
0.001836
0.001495
0.001564
0.001624
0.013076
0.001656
0.001569
0.001945
0.001516
0.001549
0.001549
0.001746
0.001761
0.001662
0.001597
0.001680
0.001677
0.001841
0.001584
0.001608
0.001665
0.001559
0.001585
0.004010
0.001812
0.001555
0.001598
0.001660
0.001480
0.001657
0.001636
0.001672
0.001539
0.001571
0.001559
0.001474
0.001650
0.001551
0.001586
0.001717
0.001567
0.001561
0.001859
0.001660
0.001469
0.007224
0.001482
0.001583
0.001524
0.001745
0.043105
0.001592
0.001623
0.001730
0.001714
0.001596
0.001581
0.001576
0.001940
0.001557
0.001661
0.001957
0.001581
0.001824
0.012293
0.001596
0.001594
0.001627
0.001657
0.001900
0.001560
0.001530
0.001895
0.001712
0.001520
0.001516
0.001541
0.005351
0.001502
0.001567
0.001561
0.001718
0.002747
0.001629
0.001655
0.001646
0.001579
0.013611
0.001744
0.007272
0.001517
0.001650
0.001733
0.001556
0.001666
0.040175
0.001579
0.001596
0.001726
0.001687
0.001551
0.001568
0.001563
0.001587
0.004444
0.001545
0.002015
0.002015
0.001669
0.001630
0.001822
0.001585
0.001527
0.001483
0.001526
0.001932
0.001565
0.001736
0.001514
0.001618
0.001919
0.001632
0.001492
0.001563
0.001811
0.001630
0.001613
0.001738
0.011635
0.001579
0.001786
0.001916
0.001535
0.001572
0.021878
0.001564
0.001569
0.001743
0.001470
0.001609
0.001624
0.001532
0.001726
0.001480
0.001531
0.001557
0.002426
0.001541
0.001566
0.011511
0.001868
0.001592
0.001515
0.001890
0.001475
0.001621
0.001560
0.001543
0.001817
0.001538
0.001559
0.001646
0.001506
0.002124
0.001850
0.001534
0.001522
0.001499
0.001571
0.001492
0.001527
0.001521
0.001700
0.009692
0.001531
0.010008
0.001876
0.001548
0.001608
0.001543
0.001478
0.001576
0.001566
0.001596
0.002010
0.001653
0.001643
0.001552
0.001546
0.001531
0.001706
0.001881
0.001623
0.001774
0.007251
0.001560
0.001714
0.001502
0.001508
0.001612
0.001543
0.001862
0.001592
0.001545
0.001662
0.001761
0.001699
0.001508
0.001478
0.001843
0.001513
0.001520
0.001634
0.001601
0.001696
0.001496
0.001598
0.001500
0.001592
0.001643
0.001635
0.001518
0.001831
0.001612
0.001531
0.001557
0.001657
0.001479
0.001559
0.001521
0.001550
0.001572
0.001513
0.001995
0.001561
0.001544
0.001610
0.001572
0.001564
0.001670
0.008431
0.001497
0.001531
0.001695
0.001871
0.050145
0.001524
0.001507
0.001593
0.001547
0.001720
0.001502
0.001490
0.001784
0.061783
0.001905
0.001540
0.001611
0.001723
0.001448
0.001777
0.001532
0.001569
0.001521
0.002500
0.001689
0.001672
0.013741
0.001490
0.001554
0.001496
0.001525
0.001612
0.001582
0.001522
0.001921
0.001700
0.001625
0.001551
0.001597
0.001527
0.001847
0.001626
0.001533
0.001512
0.001694
0.001919
0.001592
0.001551
0.001486
0.001572
0.003189
0.003917
0.010630
0.001577
0.001982
0.001569
0.001615
0.001516
0.001777
0.001524
0.001730
0.001639
0.001693
0.001765
0.001673
0.001691
0.001689
0.001656
0.001525
0.001591
0.001951
0.001654
0.005501
0.001556
0.001747
0.001741
0.001500
0.001537
0.001573
0.002346
0.001517
0.001611
0.001602
0.001615
0.001730
0.001800
0.001566
0.001554
0.001679
0.001514
0.001893
0.001585
0.001647
0.001816
0.004305
0.001730
0.009902
0.001541
0.001928
0.001736
0.001556
0.001558
0.001514
0.001592
0.001578
0.001616
0.001611
0.001594
0.001954
0.001589
0.001692
0.001541
0.002822
0.005509
0.001597
0.001601
0.001550
0.001541
0.001918
0.001520
0.001764
0.001589
0.005785
0.001640
0.001663
0.001593
0.001515
0.001592
0.001556
0.001722
0.001564
0.001577
0.001703
0.001751
0.001577
0.019547
0.001821
0.001649
0.001585
0.001480
0.006919
0.001660
0.034582
0.001543
0.037916
0.001665
0.001658
0.008497
0.001506
0.012871
0.001741
0.001528
0.001536
0.001618
0.001544
0.001600
0.001509
0.001554
0.001538
0.001570
0.001599
0.001553
0.001588
0.001519
0.001480
0.001557
0.001543
0.001521
0.001938
0.001549
0.002722
0.001557
0.001602
0.001540
0.002037
0.001498
0.001495
0.001616
0.001559
0.001567
0.001553
0.001721
0.001557
0.001585
0.001748
0.001718
0.001606
0.001856
0.001713
0.001562
0.001512
0.001596
0.002807
0.001740
0.001536
0.001934
0.001473
0.001565
0.001596
0.001594
0.001741
0.001679
0.001525
0.001585
0.001630
0.001565
0.001847
0.001553
0.001561
0.001450
0.001502
0.001514
0.001564
0.001570
0.001616
0.001818
0.001792
0.001560
0.001584
0.001545
0.001546
0.001788
0.001632
0.055294
0.001561
0.002024
0.015198
0.001678
0.001476
0.001486
0.001760
0.002564
0.001633
0.001602
0.001807
0.001714
0.006713
0.001530
0.001465
0.001516
0.001536
0.001504
0.001764
0.001572
0.001759
0.001563
0.001466
0.001448
0.001565
0.001501
0.001577
0.001636
0.001745
0.001798
0.001565
0.001510
0.001556
0.005030
0.001608
0.001581
0.001616
0.001534
0.001713
0.001809
0.065308
0.001562
0.001557
0.001496
0.001526
0.001561
0.001611
0.001664
0.001470
0.001592
0.001865
0.001523
0.001531
0.001521
0.004437
0.001637
0.001533
0.001536
0.001520
0.001523
0.001518
0.001575
0.001534
0.001566
0.001527
0.001974
0.001645
0.001632
0.001600
0.001528
0.001631
0.001526
0.001518
0.001544
0.001536
0.001643
0.014935
0.001605
0.001504
0.001599
0.001654
0.001539
0.012851
0.001621
0.001675
0.001522
0.001669
0.001454
0.001556
0.001548
0.001557
0.001495
0.001488
0.001614
0.007138
0.001763
0.001542
0.001627
0.001599
0.001638
0.001495
0.001487
0.001470
0.001526
0.001657
0.001519
0.001873
0.001514
0.001568
0.001557
0.001628
0.001702
0.001694
0.002053
0.001546
0.001580
0.001536
0.001553
0.001616
0.001518
0.001557
0.001568
0.001557
0.001484
0.001552
0.001520
0.001737
0.001640
0.001594
0.001534
0.001516
0.001634
0.001498
0.001861
0.001522
0.001744
0.001551
0.001546
0.001702
0.001868
0.001704
0.001552
0.001567
0.001514
0.001580
0.001556
0.001651
0.001532
0.001712
0.001651
0.001657
0.001699
0.001609
0.001690
0.001669
0.001536
0.001613
0.001499
0.001588
0.002489
0.001863
0.001466
0.001512
0.001488
0.001578
0.001473
0.001514
0.001630
0.001485
0.001409
0.054667
0.001525
0.001644
0.001542
0.001787
0.001533
0.001969
0.001631
0.001731
0.001675
0.001537
0.001692
0.001567
0.001571
0.001618
0.001505
0.001497
0.001555
0.001532
0.001743
0.001966
0.001612
0.001587
0.001621
0.001593
0.001673
0.001958
0.001569
0.001659
0.001696
0.001559
0.001838
0.001665
0.001616
0.001607
0.001574
0.001636
0.008200
0.001541
0.001555
0.002036
0.001446
0.067068
0.001708
0.001513
0.001547
0.001572
0.001789
0.001503
0.001673
0.001651
0.001539
0.001710
0.001542
0.001645
0.003201
0.001589
0.001525
0.001507
0.001580
0.001525
0.001498
0.001690
0.001673
0.002706
0.001536
0.001627
0.001579
0.001577
0.001519
0.002184
0.001566
0.001527
0.001558
0.001489
0.002548
0.001913
0.001495
0.001568
0.019939
0.001504
0.001838
0.001711
0.001672
0.001527
0.001514
0.001693
0.001758
0.001548
0.001488
0.001748
0.001823
0.001676
0.001680
0.001577
0.001634
0.002996
0.001472
0.001597
0.001534
0.001791
0.001513
0.001536
0.001694
0.001537
0.001589
0.001493
0.001493
0.001876
0.001521
0.001528
0.001598
0.001578
0.001557
0.001545
0.001684
0.004590
0.005061
0.001698
0.002012
0.001555
0.003738
0.001530
0.001509
0.012545
0.001686
0.001519
0.001572
0.001765
0.001528
0.001485
0.001585
0.004450
0.001706
0.001938
0.001502
0.001541
0.001540
0.098592
0.001525
0.001800
0.001615
0.001659
0.001485
0.001494
0.011389
0.001508
0.002437
0.010896
0.018089
0.009997
0.009398
0.001582
0.001592
0.001610
0.001532
0.001989
0.001445
0.025606
0.001791
0.010210
0.001578
0.001543
0.001756
0.001572
0.001943
0.001615
0.001482
0.001533
0.001569
0.001480
0.001706
0.001498
0.001530
0.001559
0.007669
0.001598
0.001653
0.001776
0.001734
0.001571
0.001536
0.001521
0.001713
0.001637
0.001659
0.001871
0.001627
0.001668
0.001540
0.001535
0.001607
0.002037
0.001708
0.001545
0.013140
0.001666
0.001595
0.001732
0.001545
0.001490
0.001529
0.001941
0.001534
0.001692
0.004973
0.001618
0.001609
0.001570
0.001464
0.001638
0.001603
0.001645
0.001500
0.001639
0.001698
0.001636
0.001583
0.001563
0.001463
0.001487
0.001471
0.001532
0.001726
0.015262
0.001618
0.001520
0.001705
0.001512
0.001654
0.001489
0.001447
0.001565
0.001794
0.001655
0.001544
0.001537
0.001483
0.001513
0.012007
0.001768
0.002323
0.001539
0.001493
0.001756
0.001467
0.001518
0.001548
0.001493
0.001553
0.001799
0.001596
0.001536
0.001526
0.001563
0.001794
0.001594
0.001494
0.001544
0.001506
0.001516
0.001659
0.001898
0.001565
0.001772
0.001457
0.001711
0.001489
0.001486
0.001539
0.001478
0.001524
0.001698
0.001516
0.001663
0.001510
0.001536
0.001783
0.031021
0.001523
0.001634
0.001646
0.001546
0.001505
0.001580
0.001957
0.001659
0.001528
0.001553
0.001551
0.001508
0.001927
0.001837
0.001524
0.001597
0.001659
0.001777
0.001636
0.001650
0.001553
0.001769
0.001670
0.001472
0.001712
0.001855
0.001803
0.001517
0.001762
0.001609
0.001546
0.001554
0.002207
0.001565
0.001633
0.001592
0.001594
0.001563
0.001672
0.001541
0.001562
0.001718
0.001554
0.001514
0.001537
0.001683
0.001462
0.001799
0.001615
0.001507
0.001612
0.001428
0.001738
0.001623
0.001562
0.001743
0.001923
0.005656
0.001530
0.001550
0.001935
0.001717
0.001457
0.002051
0.001610
0.001579
0.001566
0.001694
0.001655
0.037556
0.046051
0.001488
0.001872
0.001713
0.066936
0.002848
0.001610
0.001442
0.001676
0.001686
0.001535
0.002240
0.001473
0.003701
0.001627
0.001543
0.001922
0.001490
0.001707
0.012431
0.001508
0.001556
0.001514
0.001861
0.001495
0.001708
0.001596
0.001751
0.001587
0.001559
0.001574
0.001588
0.001595
0.001707
0.001539
0.001537
0.001529
0.001559
0.001715
0.001541
0.001551
0.001660
0.001562
0.001608
0.001531
0.001494
0.001596
0.001630
0.001628
0.001535
0.001643
0.001433
0.001598
0.001483
0.001615
0.001680
0.001513
0.001511
0.001726
0.001623
0.001732
0.001513
0.001585
0.006363
0.012328
0.001590
0.001488
0.001517
0.001534
0.001640
0.001538
0.001457
0.001519
0.001655
0.001814
0.001476
0.001521
0.001521
0.001495
0.001591
0.001495
0.001489
0.001807
0.001572
0.001569
0.001469
0.001550
0.010932
0.001469
0.001841
0.001557
0.001551
0.001516
0.044046
0.001867
0.001529
0.001524
0.001567
0.001487
0.001485
0.001622
0.001527
0.001578
0.001631
0.002322
0.001517
0.002819
0.001591
0.001703
0.012555
0.001538
0.001567
0.001471
0.001619
0.001744
0.001541
0.001846
0.001483
0.008214
0.001480
0.002311
0.001530
0.001627
0.001641
0.001573
0.001515
0.001464
0.001874
0.001577
0.001505
0.001505
0.001567
0.001516
0.001955
0.001539
0.001851
0.001482
0.001593
0.001593
0.040351
0.001619
0.001618
0.001501
0.001520
0.001568
0.001715
0.001484
0.001685
0.001827
0.002488
0.001511
0.001700
0.005578
0.031226
0.001520
0.007766
0.001693
0.001566
0.001539
0.001680
0.001465
0.001592
0.001668
0.001649
0.001795
0.001557
0.002033
0.001611
0.001563
0.001560
0.001557
0.001786
0.001646
0.001546
0.001811
0.001554
0.001527
0.043383
0.001614
0.001564
0.001670
0.001787
0.001641
0.002007
0.001535
0.032134
0.001631
0.001609
0.001692
0.001510
0.001599
0.005160
0.001522
0.001519
0.001573
0.001617
0.001572
0.008093
0.001555
0.001482
0.001793
0.001579
0.001702
0.036928
0.001548
0.001499
0.001557
0.001770
0.001587
0.001523
0.001599
0.001917
0.001633
0.001519
0.001691
0.001596
0.001612
0.001585
0.001849
0.001608
0.001625
0.001768
0.001612
0.001844
0.001721
0.001605
0.001570
0.001696
0.001516
0.001539
0.001799
0.001610
0.001671
0.013861
0.001530
0.001601
0.001612
0.001789
0.001697
0.017850
0.001545
0.001633
0.001881
0.001551
0.001626
0.001508
0.001481
0.001892
0.001554
0.001559
0.001933
0.001588
0.001564
0.001475
0.001464
0.016604
0.001536
0.001520
0.001667
0.001556
0.001653
0.001647
0.001569
0.001570
0.001776
0.001695
0.001483
0.001589
0.001523
0.001792
0.001528
0.001727
0.001554
0.001533
0.001985
0.001822
0.001533
0.001749
0.001514
0.001701
0.001476
0.001700
0.001538
0.001556
0.001807
0.001602
0.001515
0.001760
0.001601
0.001578
0.001630
0.001730
0.001622
0.001552
0.001650
0.001545
0.001937
0.001705
0.001647
0.001623
0.002143
0.001843
0.001535
0.001809
0.001571
0.001478
0.001749
0.001501
0.001694
0.001654
0.002005
0.002094
0.001761
0.001583
0.001610
0.002733
0.001642
0.001732
0.001625
0.001742
0.001505
0.001604
0.001535
0.001550
0.001489
0.001764
0.001578
0.001648
0.001473
0.001543
0.001520
0.001553
0.001664
0.001554
0.001614
0.001566
0.001560
0.001571
0.001584
0.001575
0.001679
0.041120
0.001820
0.001560
0.001533
0.001585
0.001704
0.001613
0.001533
0.001677
0.001664
0.001590
0.001554
0.001576
0.001770
0.017612
0.053861
0.001665
0.001581
0.001696
0.001591
0.001692
0.003866
0.010579
0.001674
0.001600
0.001584
0.020682
0.001575
0.011138
0.026550
0.010564
0.001495
0.001705
0.001541
0.028484
0.002464
0.002706
0.001644
0.001779
0.001612
0.001884
0.001561
0.001690
0.001588
0.001664
0.001526
0.001960
0.001539
0.001836
0.001471
0.001623
0.001576
0.001593
0.001569
0.001825
0.001500
0.001570
0.001537
0.001638
0.001655
0.001861
0.001477
0.001672
0.001529
0.001607
0.027625
0.001527
0.001641
0.001498
0.001507
0.001561
0.001831
0.001543
0.001576
0.001525
0.001514
0.001931
0.001460
0.001521
0.001901
0.001494
0.001459
0.001768
0.001823
0.001555
0.001518
0.001546
0.001463
0.001530
0.001869
0.001505
0.001601
0.001640
0.001614
0.001703
0.001573
0.001514
0.001553
0.001951
0.001657
0.001939
0.001562
0.039207
0.001547
0.013207
0.001589
0.001517
0.001632
0.112091
0.001700
0.001452
0.001636
0.001532
0.001537
0.001500
0.001831
0.001513
0.001519
0.001530
0.001712
0.001734
0.001515
0.001594
0.004989
0.001580
0.001476
0.001593
0.001905
0.001541
0.001599
0.001571
0.001822
0.001542
0.001499
0.001592
0.001452
0.001601
0.001772
0.001707
0.001514
0.001537
0.001584
0.001498
0.001571
0.001755
0.001698
0.001643
0.002172
0.001535
0.001527
0.001473
0.001587
0.001603
0.002416
0.036385
0.001735
0.001541
0.001610
0.001923
0.001721
0.001640
0.001526
0.001521
0.001522
0.001774
0.001534
0.001576
0.003593
0.001539
0.001624
0.066397
0.001587
0.001541
0.002055
0.001577
0.001503
0.001536
0.001649
0.001603
0.004322
0.001670
0.001720
0.001512
0.001513
0.001520
0.001523
0.013618
0.001442
0.001471
0.001522
0.001611
0.075303
0.001758
0.001513
0.001562
0.001555
0.001571
0.001967
0.001672
0.001537
0.002399
0.001607
0.006345
0.001550
0.001454
0.001740
0.001660
0.001517
0.001521
0.001457
0.001490
0.001787
0.072483
0.001490
0.001494
0.001571
0.001668
0.001543
0.001533
0.001498
0.001524
0.001554
0.001508
0.030160
0.001566
0.001537
0.001623
0.001780
0.001662
0.001595
0.001594
0.001640
0.001932
0.001610
0.001478
0.001512
0.001517
0.001594
0.001661
0.001748
0.002387
0.001506
0.001604
0.001586
0.001524
0.001671
0.001528
0.001555
0.001491
0.001505
0.001614
0.001550
0.001650
0.001657
0.001445
0.001621
0.001776
0.001573
0.001504
0.010791
0.001656
0.001752
0.001528
0.034530
0.001711
0.001603
0.001610
0.001578
0.001834
0.001574
0.001597
0.001932
0.001728
0.001800
0.001597
0.001733
0.001638
0.001621
0.001606
0.001566
0.001471
0.001572
0.001543
0.001609
0.001908
0.001685
0.001514
0.001546
0.001642
0.001585
0.001490
0.001936
0.001781
0.001540
0.001670
0.001765
0.001511
0.001576
0.001551
0.001532
0.001444
0.001584
0.001794
0.001670
0.002024
0.001565
0.001582
0.001519
0.001544
0.001514
0.001494
0.001529
0.001617
0.001588
0.001840
0.001578
0.001821
0.001688
0.001506
0.001804
0.001567
0.001668
0.001526
0.001467
0.001562
0.001733
0.001658
0.001621
0.001547
0.001482
0.001513
0.001941
0.052713
0.001483
0.002390
0.001834
0.001517
0.001643
0.001477
0.001515
0.001523
0.002037
0.001583
0.002158
0.001525
0.001660
0.001665
0.001844
0.001684
0.001537
0.001593
0.001970
0.001514
0.001703
0.067238
0.001445
0.001491
0.001721
0.001696
0.001482
0.001564
0.001645
0.001812
0.001618
0.001522
0.001631
0.001600
0.001559
0.001729
0.001732
0.001605
0.001537
0.001740
0.001596
0.001718
0.001919
0.001559
0.001596
0.001671
0.001653
0.001563
0.001598
0.001627
0.001583
0.001621
0.001772
0.001497
0.015552
0.001537
0.001497
0.001558
0.001632
0.001639
0.001579
0.004214
0.001616
0.011530
0.001706
0.001728
0.001537
0.001729
0.001612
0.001560
0.001539
0.001574
0.001809
0.001567
0.001549
0.001477
0.001514
0.001500
0.003233
0.001780
0.001517
0.001948
0.003118
0.001582
0.001727
0.001548
0.001485
0.001455
0.001602
0.001463
0.001438
0.001599
0.001567
0.001650
0.001555
0.001591
0.001589
0.001573
0.001710
0.001950
0.001676
0.001556
0.001606
0.001493
0.001546
0.001560
0.001497
0.001573
0.001458
0.001675
0.001608
0.001458
0.001670
0.001464
0.001581
0.001605
0.001829
0.001659
0.001712
0.001577
0.001472
0.001513
0.001447
0.001913
0.001554
0.001519
0.033832
0.001695
0.001569
0.003392
0.001542
0.019814
0.001513
0.001645
0.001593
0.001650
0.001776
0.001512
0.001517
0.001643
0.001450
0.001614
0.001536
0.001585
0.001520
0.001819
0.001506
0.001533
0.001716
0.001794
0.001711
0.001569
0.001717
0.001441
0.003264
0.001688
0.001553
0.001651
0.001585
0.001508
0.001611
0.001473
0.015758
0.001503
0.001542
0.001494
0.001690
0.001537
0.001737
0.001529
0.001502
0.001561
0.001506
0.001602
0.001627
0.001492
0.001715
0.001515
0.001643
0.007253
0.001510
0.001553
0.001749
0.001595
0.001863
0.001600
0.001516
0.001464
0.001611
0.031388
0.001706
0.001855
0.001518
0.001626
0.001653
0.001722
0.001647
0.001837
0.001667
0.001525
0.002400
0.001676
0.001729
0.001621
0.001777
0.001876
0.001435
0.012111
0.001637
0.001489
0.001501
0.001722
0.001543
0.001573
0.001526
0.001502
0.001569
0.001589
0.001740
0.001485
0.001494
0.001974
0.001874
0.001575
0.001491
0.002433
0.001722
0.007211
0.001658
0.001675
0.001448
0.001544
0.001528
0.001622
0.001603
0.001758
0.001524
0.001558
0.001598
0.001527
0.001596
0.001737
0.001521
0.001521
0.001699
0.001490
0.001516
0.001597
0.001493
0.001598
0.001586
0.001700
0.001590
0.001585
0.001533
0.001820
0.001605
0.001684
0.001506
0.001521
0.001807
0.001600
0.001585
0.001584
0.001627
0.001928
0.001680
0.001555
0.001532
0.001539
0.001518
0.001702
0.001753
0.001582
0.002634
0.001537
0.001556
0.001682
0.001705
0.004293
0.001477
0.001535
0.001507
0.001657
0.001640
0.001826
0.001522
0.001700
0.001622
0.001614
0.001747
0.001616
0.001762
0.001530
0.001674
0.001641
0.001542
0.001565
0.001890
0.001510
0.001573
0.001720
0.001504
0.001504
0.001740
0.001570
0.001624
0.001949
0.001591
0.001552
0.001608
0.001650
0.001461
0.001500
0.001568
0.001524
0.001737
0.001543
0.001572
0.001764
0.001519
0.001499
0.001560
0.001464
0.001643
0.001728
0.001545
0.001604
0.001655
0.001527
0.001640
0.001801
0.001558
0.001676
0.001528
0.001623
0.001833
0.001600
0.001471
0.001573
0.002806
0.001517
0.001647
0.001478
0.001491
0.001721
0.001523
0.001583
0.001636
0.001754
0.001586
0.002054
0.001537
0.005201
0.001560
0.001652
0.001548
0.001675
0.001670
0.001669
0.001623
0.001698
0.001516
0.001516
0.001606
0.001544
0.001771
0.001521
0.001582
0.002748
0.004310
0.001658
0.001514
0.001924
0.001625
0.001661
0.001595
0.001543
0.001653
0.001566
0.001549
0.001480
0.001558
0.001522
0.001803
0.012182
0.001876
0.001554
0.001487
0.001531
0.001663
0.001453
0.001895
0.001633
0.001534
0.001613
0.001434
0.001502
0.001458
0.001684
0.001537
0.001587
0.001505
0.001654
0.001607
0.001633
0.001470
0.001650
0.001454
0.011907
0.001778
0.001675
0.001642
0.001553
0.001593
0.001698
0.001761
0.001593
0.001462
0.001550
0.001860
0.001947
0.001541
0.001498
0.001552
0.001660
0.001647
0.001556
0.001560
0.001570
0.001582
0.001645
0.001528
0.001580
0.040221
0.001816
0.001497
0.001607
0.001487
0.001622
0.001664
0.001600
0.001478
0.001555
0.001562
0.001580
0.001893
0.001548
0.001561
0.001522
0.001571
0.001523
0.001517
0.001447
0.001608
0.055722
0.001545
0.001599
0.001495
0.001659
0.001703
0.001538
0.001529
0.001456
0.001485
0.001939
0.001682
0.001459
0.001570
0.002097
0.001648
0.001476
0.001902
0.001540
0.001573
0.001478
0.001603
0.001721
0.001618
0.001522
0.001549
0.001565
0.001530
0.001574
0.001738
0.001613
0.001705
0.001637
0.001473
0.001484
0.001555
0.001459
0.034242
0.001523
0.001511
0.001480
0.001542
0.001533
0.001819
0.001577
0.001631
0.001588
0.001697
0.001506
0.005686
0.001493
0.001630
0.001453
0.001919
0.001519
0.001619
0.001658
0.001503
0.001511
0.001972
0.001561
0.001503
0.001502
0.001493
0.001810
0.001556
0.001551
0.001553
0.001770
0.001762
0.001571
0.001727
0.001558
0.001501
0.001524
0.051480
0.001578
0.001561
0.001562
0.001524
0.001523
0.003467
0.001540
0.001531
0.001476
0.001450
0.002714
0.001713
0.001489
0.001599
0.001468
0.001608
0.001769
0.001524
0.001437
0.001487
0.001688
0.001538
0.081624
0.001756
0.001439
0.001515
0.001624
0.001679
0.001487
0.001481
0.001533
0.001435
0.001443
0.001589
0.001505
0.001520
0.001509
0.001685
0.010628
0.001553
0.001580
0.001499
0.021334
0.001429
0.001561
0.001517
0.001464
0.002313
0.001499
0.003742
0.001503
0.002047
0.001516
0.001506
0.001502
0.001596
0.001623
0.001786
0.001533
0.001840
0.001510
0.001524
0.001439
0.001449
0.001743
0.001488
0.001641
0.001537
0.001521
0.001530
0.001521
0.001531
0.001479
0.001563
0.001643
0.001589
0.001954
0.001599
0.001447
0.001515
0.001559
0.001695
0.001673
0.001439
0.002896
0.001473
0.001466
0.001527
0.013077
0.001845
0.001550
0.001465
0.001586
0.001632
0.001998
0.001435
0.001516
0.007030
0.001707
0.001702
0.001706
0.001583
0.001553
0.001559
0.001460
0.001730
0.001517
0.001529
0.001873
0.001628
0.001528
0.001533
0.001466
0.001752
0.001455
0.001748
0.001514
0.001551
0.001633
0.001679
0.001529
0.001745
0.001472
0.001485
0.001580
0.001614
0.001820
0.001585
0.001520
0.001535
0.001574
0.002215
0.001503
0.001537
0.001493
0.037903
0.001526
0.001481
0.001535
0.001577
0.001698
0.085461
0.001917
0.001691
0.001530
0.009179
0.003895
0.001496
0.001538
0.006748
0.007279
0.001451
0.001541
0.001837
0.001537
0.001458
0.001630
0.001599
0.005222
0.001594
0.001941
0.001579
0.001557
0.001675
0.001449
0.001716
0.001514
0.003691
0.001673
0.001535
0.001633
0.001922
0.001765
0.001505
0.001728
0.045386
0.001662
0.001636
0.001594
0.001461
0.001637
0.001598
0.001802
0.001751
0.001583
0.001519
0.001751
0.001524
0.001650
0.001675
0.001626
0.035978
0.001651
0.001527
0.003691
0.001509
0.001580
0.001638
0.072635
0.001538
0.006009
0.001564
0.013158
0.001632
0.001822
0.001873
0.043572
0.001725
0.001575
0.001559
0.001712
0.001477
0.001519
0.001509
0.001523
0.017220
0.001631
0.001527
0.001532
0.001754
0.001497
0.001690
0.001696
0.001625
0.001535
0.001451
0.001538
0.001932
0.001637
0.001566
0.001462
0.001676
0.001581
0.001685
0.001618
0.001573
0.001898
0.001600
0.001556
0.001779
0.001616
0.001466
0.001726
0.015845
0.001653
0.043012
0.001656
0.001728
0.001590
0.001586
0.001661
0.001693
0.001586
0.001618
0.001543
0.001973
0.001528
0.001711
0.068762
0.001667
0.001822
0.001653
0.001472
0.001536
0.001535
0.001625
0.001611
0.001602
0.001584
0.001466
0.001628
0.001492
0.001551
0.001434
0.001736
0.001580
0.001490
0.001564
0.001623
0.001638
0.001531
0.001591
0.001539
0.051136
0.001548
0.069851
0.001474
0.001602
0.001564
0.001594
0.004905
0.001564
0.001559
0.001730
0.001855
0.006669
0.001713
0.016069
0.001735
0.056078
0.001492
0.001540
0.001766
0.001547
0.001480
0.001516
0.001539
0.001640
0.001708
0.001643
0.001679
0.001725
0.001560
0.001636
0.001662
0.001567
0.001871
0.001513
0.001634
0.001716
0.001671
0.001577
0.001535
0.001546
0.001727
0.001725
0.001516
0.001551
0.001749
0.001567
0.006951
0.001535
0.001589
0.001499
0.001525
0.001658
0.001618
0.001614
0.001563
0.001494
0.001716
0.001526
0.001676
0.001505
0.001770
0.001621
0.001516
0.001599
0.001598
0.001560
0.001523
0.001562
0.001598
0.055041
0.001538
0.001681
0.001741
0.001702
0.001589
0.001524
0.001466
0.001495
0.001636
0.001536
0.001695
0.001484
0.001643
0.001523
0.001550
0.001544
0.001660
0.006964
0.001668
0.001681
0.001737
0.001720
0.001501
0.001547
0.001537
0.001610
0.001523
0.001541
0.001656
0.001567
0.002321
0.001574
0.001583
0.001594
0.001829
0.001497
0.014832
0.001534
0.013035
0.001588
0.001963
0.001782
0.001627
0.001491
0.001509
0.001564
0.001480
0.001741
0.001502
0.001615
0.001692
0.001480
0.001840
0.001542
0.001435
0.001617
0.001618
0.001642
0.001805
0.001543
0.001614
0.001606
0.001692
0.001548
0.001589
0.021349
0.001633
0.001851
0.001558
0.001599
0.073110
0.001713
0.001925
0.001471
0.001628
0.001613
0.001590
0.001515
0.018570
0.001529
0.001553
0.060577
0.001581
0.001666
0.001569
0.001702
0.001547
0.001505
0.001526
0.001517
0.001613
0.001485
0.001495
0.001622
0.001457
0.001649
0.004854
0.001646
0.001684
0.001497
0.001597
0.001462
0.001629
0.001654
0.001881
0.001547
0.001592
0.001504
0.001542
0.001532
0.001731
0.001638
0.002596
0.001542
0.001920
0.001853
0.001524
0.001551
0.001398
0.001442
0.001683
0.001732
0.050527
0.001538
0.001757
0.001552
0.001501
0.001428
0.001581
0.003248
0.001495
0.001723
0.001552
0.001740
0.001710
0.001591
0.001582
0.001662
0.001659
0.001521
0.001613
0.001692
0.001537
0.001591
0.001520
0.001502
0.001747
0.001766
0.001714
0.001573
0.001566
0.001843
0.001539
0.001546
0.001527
0.001510
0.006967
0.001463
0.001516
0.001521
0.001505
0.001472
0.001663
0.002803
0.038940
0.001491
0.001601
0.001558
0.001715
0.001572
0.001532
0.006743
0.001531
0.001532
0.001869
0.001546
0.001683
0.001738
0.001627
0.001579
0.001573
0.001703
0.013482
0.001757
0.001493
0.001543
0.001549
0.001646
0.001537
0.001564
0.001551
0.001496
0.001712
0.001467
0.001546
0.001524
0.001530
0.001504
0.001572
0.001587
0.001742
0.001494
0.001528
0.001592
0.001616
0.001602
0.008893
0.001554
0.001611
0.001594
0.001551
0.001550
0.001648
0.001573
0.001529
0.001600
0.001641
0.005326
0.001753
0.001528
0.001725
0.001557
0.001492
0.001522
0.001506
0.001557
0.001759
0.001600
0.001588
0.001599
0.001545
0.002457
0.001521
0.001562
0.001510
0.001738
0.001495
0.001530
0.001633
0.001496
0.001566
0.001559
0.001868
0.001616
0.001529
0.001607
0.001541
0.001653
0.001796
0.001518
0.002208
0.001561
0.001490
0.076622
0.001652
0.001557
0.001620
0.001520
0.001628
0.001644
0.001487
0.001659
0.001679
0.001684
0.001581
0.001606
0.002893
0.001734
0.001629
0.001640
0.001436
0.001523
0.001541
0.001679
0.008484
0.001902
0.001605
0.001564
0.001444
0.001507
0.001752
0.013605
0.001579
0.001724
0.001500
0.001698
0.001550
0.001584
0.001487
0.001538
0.002014
0.001724
0.001680
0.001565
0.001658
0.001842
0.001585
0.001708
0.001602
0.001526
0.001523
0.006487
0.001567
0.001524
0.001748
0.001533
0.001553
0.001526
0.001695
0.001870
0.001542
0.001656
0.001662
0.002018
0.001559
0.001608
0.001610
0.001696
0.001483
0.001563
0.001553
0.002037
0.001541
0.001668
0.001570
0.001706
0.002011
0.001541
0.001639
0.001594
0.001679
0.001649
0.001596
0.001534
0.001527
0.002395
0.001747
0.001548
0.001751
0.001582
0.001521
0.001584
0.001736
0.001632
0.001743
0.001544
0.001535
0.001588
0.001715
0.001520
0.001545
0.001654
0.001744
0.001611
0.001542
0.002159
0.001624
0.001546
0.001488
0.002496
0.001643
0.001644
0.001571
0.001494
0.001708
0.001898
0.001538
0.042021
0.001667
0.001647
0.001571
0.001655
0.001477
0.001472
0.001853
0.001488
0.001642
0.001489
0.001531
0.001492
0.001544
0.001623
0.001841
0.001770
0.001797
0.001630
0.001643
0.001619
0.001758
0.001538
0.001774
0.001571
0.001646
0.001859
0.001597
0.001469
0.001477
0.001564
0.001489
0.001601
0.001507
0.001578
0.001503
0.001506
0.001652
0.001638
0.001551
0.038472
0.001753
0.044271
0.001658
0.001576
0.001748
0.001937
0.001644
0.001599
0.001688
0.001571
0.001761
0.001644
0.001502
0.001600
0.001548
0.002045
0.001511
0.001639
0.001667
0.001613
0.001756
0.001490
0.001631
0.001551
0.001567
0.001899
0.001619
0.001660
0.001609
0.001930
0.001594
0.005838
0.001932
0.001553
0.001595
0.001628
0.001534
0.001617
0.006851
0.001559
0.046312
0.001700
0.001600
0.001542
0.001781
0.001629
0.001680
0.001649
0.001832
0.001522
0.001746
0.001618
0.001569
0.001544
0.001688
0.058700
0.001696
0.001602
0.001633
0.001697
0.001499
0.001854
0.004096
0.001633
0.001558
0.001552
0.001559
0.001493
0.001537
0.001491
0.001858
0.001578
0.001481
0.001538
0.001554
0.038622
0.001747
0.001874
0.001584
0.001569
0.001544
0.001761
0.001552
0.001593
0.001548
0.001531
0.001640
0.001861
0.001737
0.001518
0.001651
0.001853
0.001548
0.006370
0.001527
0.001818
0.001580
0.001557
0.001542
0.017496
0.009545
0.001690
0.001711
0.001500
0.009736
0.002188
0.001496
0.009644
0.001579
0.001679
0.014835
0.100167
0.001662
0.011307
0.013973
0.001943
0.001772
0.002095
0.001602
0.001624
0.001531
0.001572
0.001555
0.001864
0.001516
0.001728
0.004706
0.001866
0.001513
0.001734
0.004315
0.003734
0.001540
0.001573
0.001495
0.001950
0.001627
0.002164
0.001510
0.001997
0.001664
0.001614
0.001604
0.003052
0.001513
0.041225
0.001482
0.072123
0.001443
0.001684
0.001578
0.001940
0.002000
0.001580
0.001799
0.001757
0.001629
0.001579
0.001706
0.001479
0.001498
0.001512
0.001476
0.001730
0.001490
0.001580
0.001576
0.001624
0.002242
0.001506
0.001541
0.002062
0.001516
0.001541
0.001492
0.001556
0.001499
0.001530
0.001678
0.001452
0.001752
0.001566
0.001552
0.001634
0.001586
0.001657
0.001542
0.002072
0.001498
0.001648
0.001582
0.001678
0.001879
0.001480
0.001586
0.001568
0.001608
0.001852
0.001466
0.001530
0.001826
0.001745
0.080068
0.001629
0.001760
0.001714
0.001597
0.001585
0.001702
0.002045
0.002027
0.001886
0.001568
0.001738
0.001518
0.001864
0.001512
0.001505
0.001808
0.001844
0.001690
0.001550
0.001771
0.002635
0.001567
0.001502
0.001658
0.001725
0.001642
0.001525
0.001505
0.001554
0.002003
0.001545
0.001539
0.001796
0.001686
0.001504
0.131393
0.001863
0.001536
0.001445
0.001586
0.001517
0.001553
0.001909
0.001547
0.001624
0.001551
0.001960
0.001547
0.001588
0.005343
0.037381
0.001704
0.001504
0.001477
0.001475
0.001790
0.001656
0.001533
0.001556
0.001579
0.001585
0.001504
0.001519
0.001572
0.001630
0.001481
0.001542
0.001724
0.001519
0.001513
0.001502
0.001484
0.001465
0.001652
0.001568
0.001878
0.001617
0.001530
0.001513
0.001561
0.001452
0.001738
0.001481
0.001557
0.002047
0.001526
0.001542
0.001519
0.001758
0.001523
0.002099
0.001948
0.001531
0.001565
0.001580
0.001697
0.038201
0.004887
0.001594
0.001518
0.001794
0.001512
0.001556
0.001553
0.002284
0.002028
0.001528
0.001585
0.001564
0.001625
0.001552
0.001516
0.001759
0.001502
0.001478
0.001495
0.001527
0.001494
0.001535
0.001653
0.001627
0.001661
0.001597
0.001521
0.001641
0.001575
0.001855
0.001553
0.001499
0.007933
0.001553
0.001872
0.001543
0.001502
0.001790
0.001529
0.001733
0.001767
0.001714
0.001478
0.001523
0.001543
0.053824
0.001503
0.001501
0.001508
0.001779
0.001664
0.001655
0.002060
0.001938
0.001565
0.001743
0.001510
0.001532
0.001495
0.001587
0.001980
0.001470
0.002047
0.001582
0.001650
0.016246
0.001845
0.002013
0.012344
0.001498
0.001556
0.001657
0.001484
0.001570
0.001564
0.001565
0.001586
0.001496
0.001519
0.001652
0.001621
0.001628
0.001596
0.001565
0.001669
0.001573
0.001628
0.001805
0.001720
0.001720
0.001525
0.001949
0.001448
0.001999
0.001540
0.001581
0.001605
0.001494
0.001821
0.001535
0.001549
0.001518
0.001496
0.001510
0.001671
0.001545
0.001529
0.001498
0.001482
0.001588
0.001503
0.001697
0.001643
0.001511
0.001610
0.007232
0.001521
0.001472
0.001938
0.001508
0.001729
0.002649
0.001550
0.001487
0.001736
0.002010
0.001565
0.001701
0.001476
0.001603
0.001598
0.001714
0.001766
0.001590
0.001725
0.001500
0.001549
0.001522
0.002055
0.001565
0.001569
0.001534
0.001639
0.001853
0.001499
0.001518
0.001726
0.001470
0.001652
0.001677
0.018890
0.001678
0.001523
0.001535
0.001652
0.001550
0.001704
0.001716
0.001798
0.001561
0.001533
0.001772
0.001548
0.001608
0.001471
0.001697
0.001466
0.001519
0.013500
0.001591
0.001689
0.001691
0.001597
0.001546
0.001561
0.001554
0.001580
0.001549
0.028632
0.001572
0.001500
0.001505
0.001533
0.001610
0.001559
0.001641
0.001563
0.001475
0.001473
0.001756
0.001526
0.003252
0.001623
0.001612
0.001521
0.001573
0.001479
0.001511
0.001732
0.001639
0.001548
0.001553
0.001748
0.001481
0.001565
0.001614
0.001666
0.001928
0.001740
0.001512
0.001530
0.001613
0.001534
0.001557
0.001594
0.001846
0.001575
0.001535
0.001523
0.001649
0.001535
0.001522
0.001472
0.001527
0.001523
0.001846
0.001560
0.001605
0.001637
0.001527
0.001521
0.001799
0.001497
0.001455
0.001489
0.001830
0.001776
0.001747
0.001557
0.001470
0.001542
0.001629
0.001602
0.001720
0.002651
0.002415
0.001601
0.001593
0.001749
0.001451
0.002040
0.001523
0.001856
0.004826
0.001530
0.001765
0.049467
0.002229
0.001832
0.001507
0.001529
0.007932
0.005054
0.001517
0.001521
0.001612
0.001481
0.001852
0.001637
0.002057
0.001637
0.001578
0.001495
0.001591
0.001551
0.001535
0.002337
0.001890
0.001600
0.002697
0.001573
0.003418
0.002224
0.001588
0.001693
0.001624
0.001522
0.001536
0.001574
0.001512
0.001838
0.001538
0.001689
0.001625
0.001700
0.001896
0.001808
0.001686
0.001486
0.001517
0.001551
0.001755
0.001515
0.001533
0.002386
0.001804
0.001519
0.001448
0.001504
0.004251
0.001528
0.001538
0.001518
0.022363
0.001601
0.018592
0.001598
0.001432
0.001536
0.001563
0.001494
0.001474
0.001599
0.001923
0.001646
0.001732
0.001543
0.001796
0.001689
0.001692
0.001605
0.001592
0.001643
0.001534
0.001589
0.014175
0.001659
0.001524
0.001620
0.002048
0.001542
0.001606
0.001547
0.001692
0.001553
0.001553
0.001659
0.001530
0.001822
0.001633
0.001646
0.001498
0.001906
0.007279
0.001517
0.001568
0.001526
0.001851
0.001470
0.001606
0.004857
0.005984
0.005242
0.001894
0.002349
0.001634
0.005159
0.003315
0.004310
0.002056
0.004187
0.001608
0.001787
0.001891
0.001655
0.001826
0.001665
0.001533
0.001585
0.002428
0.001908
0.001649
0.001507
0.001576
0.001969
0.001631
0.001648
0.001603
0.001645
0.001640
0.001727
0.001551
0.001515
0.003872
0.001693
0.001749
0.001655
0.001775
0.001544
0.001590
0.001516
0.001700
0.001686
0.001613
0.001781
0.001534
0.001730
0.001586
0.001436
0.001441
0.001881
0.001563
0.001582
0.001706
0.003836
0.011998
0.001549
0.001526
0.001540
0.002051
0.001563
0.001567
0.001536
0.002667
0.001767
0.002207
0.001516
0.001638
0.001523
0.001659
0.001607
0.001474
0.001603
0.001601
0.001880
0.008169
0.001648
0.001640
0.001502
0.012651
0.001574
0.001674
0.001610
0.001423
0.001644
0.001455
0.001588
0.001628
0.001575
0.001510
0.001523
0.001537
0.001558
0.001509
0.001592
0.001610
0.001539
0.001678
0.001843
0.011767
0.001698
0.001537
0.001627
0.001571
0.001653
0.001728
0.001492
0.001499
0.001542
0.001519
0.001800
0.001549
0.001526
0.001647
0.001560
0.002010
0.001700
0.001735
0.001607
0.001620
0.001600
0.001814
0.017217
0.001654
0.001642
0.001709
0.001506
0.001477
0.001532
0.001498
0.002644
0.001552
0.001688
0.001630
0.001598
0.001699
0.001500
0.001583
0.001546
0.001662
0.001541
0.001610
0.001653
0.013595
0.001628
0.001592
0.001594
0.001581
0.001672
0.001737
0.001586
0.001608
0.001855
0.001511
0.001562
0.001579
0.001778
0.001490
0.001496
0.001426
0.001524
0.001609
0.003651
0.006940
0.001544
0.001747
0.001812
0.001703
0.001558
0.001650
0.001472
0.001559
0.001516
0.001756
0.001527
0.001582
0.001508
0.001582
0.001769
0.001589
0.001517
0.001549
0.001470
0.001664
0.001572
0.001662
0.001526
0.001795
0.001872
0.001637
0.001547
0.001963
0.001612
0.001537
0.001681
0.001645
0.002526
0.001788
0.001761
0.001476
0.001708
0.001682
0.001669
0.001612
0.001652
0.001767
0.001655
0.001614
0.001598
0.001574
0.001490
0.001608
0.001707
0.001786
0.001612
0.001585
0.001553
0.001584
0.001792
0.001596
0.001517
0.001553
0.001554
0.001698
0.001569
0.001718
0.001530
0.001595
0.001795
0.001538
0.001716
0.001593
0.001461
0.001542
0.001612
0.001512
0.001501
0.001558
0.001690
0.001506
0.001571
0.001445
0.001620
0.001721
0.001549
0.001476
0.001532
0.001691
0.001599
0.001540
0.001509
0.001530
0.001598
0.009802
0.001512
0.001928
0.001589
0.001542
0.001492
0.001612
0.001617
0.001831
0.001670
0.001719
0.001556
0.001602
0.001756
0.001529
0.001609
0.001542
0.001951
0.001604
0.001648
0.001531
0.001526
0.001692
0.001613
0.001547
0.001554
0.016965
0.001692
