0.026815
0.012332
0.001917
0.056530
0.010515
0.012795
0.010715
0.019936
0.009580
0.014990
0.003203
0.012135
0.011781
0.004412
0.013370
0.001703
0.008592
0.014898
0.007127
0.010812
0.013273
0.011167
0.003233
0.004530
0.006154
0.016466
0.001623
0.001632
0.013447
0.001683
0.013971
0.011148
0.005103
0.010291
0.001683
0.012175
0.003168
0.010602
0.006240
0.026981
0.001801
0.015480
0.010620
0.001685
0.002115
0.012299
0.014326
0.001689
0.007678
0.002559
0.001639
0.013830
0.013103
0.013913
0.001718
0.012116
0.003629
0.010483
0.001707
0.014459
0.002020
0.008979
0.006668
0.007546
0.002208
0.002503
0.010862
0.002740
0.010573
0.002581
0.010598
0.002818
0.010986
0.002725
0.010278
0.003053
0.003032
0.011255
0.001886
0.010956
0.001687
0.001877
0.011871
0.010977
0.001728
0.020387
0.009349
0.008476
0.005439
0.001681
0.023569
0.014141
0.010189
0.021813
0.006836
0.010258
0.004269
0.015098
0.007817
0.004442
0.046085
0.009729
0.003950
0.018881
0.010471
0.003730
0.007192
0.001558
0.001894
0.001809
0.007982
0.001696
0.001704
0.006711
0.001971
0.001638
0.001667
0.007438
0.006249
0.010628
0.001786
0.001719
0.009655
0.001627
0.008216
0.005377
0.001709
0.007800
0.001999
0.003329
0.011182
0.001729
0.007831
0.002040
0.001597
0.001656
0.013619
0.007414
0.016229
0.001673
0.001811
0.009587
0.001781
0.001619
0.008414
0.001775
0.001627
0.001666
0.006672
0.001689
0.018257
0.001894
0.012648
0.001767
0.012073
0.001654
0.026812
0.003372
0.007673
0.014749
0.005145
0.007540
0.001770
0.004877
0.008064
0.001641
0.001988
0.008653
0.008301
0.002752
0.001630
0.012439
0.012994
0.003787
0.012050
0.010323
0.001759
0.002243
0.001714
0.012215
0.001724
0.011568
0.002565
0.005873
0.007564
0.005679
0.016660
0.003663
0.014255
0.001756
0.008613
0.014280
0.007402
0.007146
0.001685
0.003028
0.010803
0.011095
0.005284
0.011429
0.002042
0.001626
0.008552
0.001670
0.001960
0.008892
0.006113
0.015437
0.007291
0.005673
0.010878
0.002851
0.001608
0.007873
0.002872
0.025707
0.010355
0.011516
0.006682
0.021079
0.001691
0.056449
0.010287
0.015145
0.010654
0.010098
0.004882
0.007723
0.019598
0.001662
0.007158
0.006034
0.007735
0.002679
0.004946
0.006695
0.002523
0.001715
0.006824
0.004935
0.001719
0.011812
0.010986
0.017073
0.001692
0.013424
0.001805
0.011641
0.001697
0.001643
0.007581
0.013315
0.004747
0.002412
0.005997
0.001836
0.001688
0.007930
0.001797
0.004024
0.007659
0.015580
0.002766
0.009865
0.004930
0.001725
0.027816
0.009179
0.002163
0.003946
0.009949
0.001716
0.018632
0.008635
0.001709
0.001794
0.012857
0.001859
0.008504
0.001657
0.003072
0.006897
0.002242
0.002796
0.010502
0.001976
0.011972
0.001673
0.001672
0.008493
0.013406
0.002075
0.001604
0.017613
0.006366
0.001805
0.001638
0.007919
0.001636
0.004070
0.006525
0.002333
0.002762
0.009950
0.001677
0.020149
0.010640
0.001857
0.008026
0.001675
0.003419
0.005768
0.001764
0.005963
0.012700
0.009823
0.003514
0.001674
0.005953
0.015368
0.014281
0.001638
0.001659
0.001728
0.010592
0.001766
0.006334
0.001720
0.001966
0.001548
0.009222
0.002058
0.001671
0.006719
0.020815
0.009290
0.006926
0.006280
0.014820
0.004261
0.039693
0.019756
0.007299
0.012294
0.010727
0.003732
0.026490
0.002901
0.010529
0.003026
0.009840
0.001827
0.001718
0.011982
0.001664
0.001644
0.006517
0.004554
0.011362
0.001654
0.013746
0.014996
0.011902
0.004673
0.008294
0.001687
0.003076
0.011410
0.003211
0.010237
0.002664
0.010761
0.012405
0.001814
0.004757
0.006806
0.001667
0.001710
0.007727
0.001639
0.004682
0.011275
0.001952
0.009767
0.003875
0.010426
0.015367
0.011448
0.002086
0.005163
0.006064
0.001680
0.001669
0.001666
0.010160
0.001740
0.010805
0.001734
0.001574
0.013339
0.015311
0.001782
0.006449
0.001668
0.004736
0.007443
0.001580
0.010413
0.001635
0.004288
0.007443
0.017646
0.001947
0.001745
0.008401
0.011433
0.001794
0.001950
0.002175
0.011043
0.014465
0.001651
0.006664
0.001850
0.001728
0.001669
0.009174
0.002928
0.008473
0.004760
0.001696
0.011504
0.002468
0.006164
0.001641
0.001600
0.009601
0.002415
0.002011
0.015200
0.010431
0.001681
0.001720
0.008568
0.001629
0.001673
0.008377
0.002444
0.002899
0.006880
0.004931
0.014726
0.010339
0.003789
0.009769
0.022325
0.008000
0.001891
0.003344
0.007346
0.018494
0.001620
0.054426
0.008070
0.010746
0.001646
0.003545
0.010698
0.017065
0.001693
0.009130
0.002311
0.001720
0.008144
0.002328
0.002922
0.015059
0.005980
0.001595
0.003941
0.007343
0.017417
0.001715
0.001573
0.006559
0.001670
0.002098
0.014178
0.001616
0.006538
0.001705
0.005805
0.010920
0.001921
0.007127
0.001656
0.011515
0.001799
0.002823
0.010678
0.001633
0.012073
0.001593
0.001623
0.012080
0.003377
0.007064
0.001697
0.002045
0.001795
0.025042
0.001832
0.011988
0.022431
0.006710
0.001688
0.010685
0.007753
0.010040
0.009695
0.003184
0.002668
0.010256
0.011418
0.006082
0.002512
0.006453
0.001633
0.003792
0.006569
0.004132
0.017301
0.009881
0.002827
0.008338
0.001658
0.001728
0.010154
0.003466
0.009700
0.001670
0.003792
0.011536
0.001805
0.007311
0.005117
0.010475
0.001553
0.010234
0.001671
0.001654
0.011066
0.002617
0.001574
0.008495
0.001675
0.011286
0.001614
0.011052
0.002025
0.002012
0.009933
0.007191
0.006358
0.002045
0.010534
0.001915
0.005943
0.011009
0.001752
0.009709
0.012484
0.001640
0.014568
0.001749
0.001937
0.009514
0.025269
0.008040
0.009502
0.007717
0.009706
0.051941
0.007548
0.005883
0.007425
0.001718
0.001888
0.006244
0.001618
0.005626
0.006516
0.004106
0.001666
0.009137
0.001752
0.001728
0.008928
0.001826
0.002939
0.006271
0.024020
0.007103
0.002717
0.012048
0.001697
0.001694
0.013250
0.009799
0.001725
0.015978
0.001830
0.011530
0.014496
0.001724
0.012051
0.002858
0.007712
0.001652
0.002893
0.010288
0.001667
0.010847
0.003266
0.013792
0.001871
0.007964
0.005559
0.007184
0.006918
0.007804
0.004880
0.022086
0.007732
0.009921
0.001648
0.001626
0.001725
0.010343
0.001638
0.007394
0.002391
0.002748
0.010357
0.003222
0.001661
0.011503
0.011211
0.014582
0.002442
0.001817
0.007109
0.004805
0.001743
0.009680
0.001794
0.001666
0.012496
0.007215
0.004141
0.001670
0.009498
0.001869
0.001864
0.007007
0.002679
0.003278
0.006537
0.001655
0.003392
0.007799
0.005748
0.007443
0.005074
0.001678
0.008346
0.001880
0.001700
0.012836
0.006556
0.001958
0.001802
0.001665
0.010949
0.012544
0.005969
0.006647
0.001767
0.001607
0.013055
0.005258
0.007401
0.001734
0.001905
0.006766
0.003791
0.001644
0.007448
0.001671
0.002023
0.001635
0.008837
0.003675
0.010809
0.031855
0.006868
0.014868
0.010949
0.020948
0.036708
0.008204
0.009888
0.001579
0.007161
0.001679
0.010475
0.001843
0.001579
0.001629
0.008389
0.005121
0.010810
0.017765
0.002053
0.008420
0.001672
0.001819
0.009033
0.005395
0.011851
0.001683
0.001788
0.005726
0.001942
0.001712
0.009823
0.001606
0.001572
0.013122
0.006106
0.007839
0.010339
0.005055
0.007471
0.001673
0.003566
0.010870
0.021261
0.008189
0.002203
0.010124
0.003318
0.001713
0.007759
0.005892
0.015155
0.007147
0.001744
0.026337
0.007190
0.010405
0.001657
0.003492
0.010942
0.002932
0.006422
0.001761
0.015502
0.001824
0.010319
0.001741
0.009762
0.001742
0.010556
0.001884
0.010862
0.006315
0.011878
0.003038
0.013524
0.012049
0.001934
0.011060
0.001866
0.011006
0.001709
0.004023
0.005491
0.004958
0.001735
0.010764
0.002100
0.001591
0.004964
0.001974
0.018802
0.010694
0.004104
0.009997
0.001745
0.001650
0.007730
0.006314
0.007861
0.001637
0.002079
0.001630
0.005469
0.001757
0.005504
0.008853
0.001678
0.001693
0.006587
0.007503
0.006655
0.007183
0.006355
0.001901
0.001690
0.001597
0.006282
0.005590
0.016111
0.025735
0.006669
0.016180
0.012170
0.036952
0.012554
0.010061
0.001876
0.010215
0.001634
0.009052
0.005207
0.007423
0.002512
0.001596
0.013053
0.012582
0.001713
0.001576
0.009679
0.001751
0.011359
0.001679
0.011444
0.001608
0.020026
0.007929
0.014372
0.001672
0.013311
0.001718
0.012110
0.001636
0.001559
0.007618
0.004215
0.014579
0.001772
0.011873
0.001759
0.011290
0.012595
0.004284
0.001732
0.006072
0.001702
0.004719
0.005858
0.001585
0.004625
0.010728
0.001784
0.007561
0.004653
0.014662
0.011817
0.002372
0.001708
0.012020
0.001651
0.008284
0.002282
0.001977
0.026587
0.001976
0.001672
0.013084
0.013902
0.001944
0.008171
0.001827
0.001687
0.008237
0.006143
0.007818
0.004457
0.008708
0.001958
0.001678
0.001700
0.008870
0.002819
0.001725
0.008078
0.001700
0.011715
0.004450
0.006808
0.001645
0.001830
0.003023
0.014018
0.006667
0.002524
0.002351
0.010926
0.002595
0.009836
0.003766
0.010999
0.001798
0.001674
0.007938
0.006497
0.007650
0.001840
0.002914
0.009711
0.001903
0.012349
0.002072
0.001943
0.008613
0.011859
0.003108
0.004185
0.005652
0.001888
0.001691
0.016987
0.008671
0.004844
0.025534
0.012125
0.013714
0.011570
0.036661
0.007173
0.014774
0.001683
0.014456
0.007048
0.002443
0.015867
0.002866
0.010796
0.001639
0.016090
0.007654
0.002043
0.002003
0.008249
0.001955
0.001513
0.011139
0.001664
0.004273
0.006824
0.001665
0.001849
0.011201
0.002061
0.020283
0.009408
0.001581
0.009713
0.012874
0.006641
0.006624
0.006056
0.011739
0.001664
0.007995
0.001947
0.001633
0.010885
0.002026
0.001633
0.008434
0.013686
0.001717
0.020216
0.010581
0.002108
0.022267
0.006977
0.013390
0.001754
0.017026
0.010252
0.001724
0.008107
0.001683
0.001838
0.016029
0.016785
0.008023
0.001672
0.011105
0.001690
0.012901
0.001672
0.002038
0.001735
0.005480
0.001695
0.011665
0.001714
0.001685
0.007229
0.001770
0.014440
0.001658
0.020233
0.015119
0.010515
0.010908
0.001713
0.011738
0.001734
0.001682
0.001792
0.009629
0.002537
0.001802
0.006164
0.001655
0.004753
0.007005
0.001848
0.002973
0.007208
0.001765
0.014429
0.011313
0.001674
0.003884
0.007245
0.016359
0.002249
0.001512
0.007030
0.001655
0.001635
0.016609
0.001733
0.023136
0.007071
0.005823
0.003875
0.015786
0.005944
0.040488
0.006723
0.004444
0.001683
0.013287
0.001936
0.007853
0.001771
0.001625
0.010219
0.001656
0.012238
0.001578
0.001620
0.006761
0.005500
0.007118
0.002002
0.001822
0.001678
0.009115
0.001717
0.001639
0.008247
0.001626
0.002832
0.008091
0.005262
0.011780
0.002105
0.011860
0.001696
0.011952
0.013705
0.002105
0.001609
0.008964
0.002950
0.002409
0.006260
0.005423
0.011274
0.001637
0.011878
0.001754
0.016469
0.010093
0.001671
0.001645
0.009127
0.001690
0.016435
0.010484
0.006104
0.006508
0.030311
0.010481
0.006649
0.001699
0.015504
0.002036
0.007285
0.002527
0.002727
0.013822
0.001702
0.006056
0.001600
0.004261
0.008676
0.002422
0.010095
0.006458
0.006555
0.006812
0.007242
0.002766
0.001648
0.011088
0.001807
0.014583
0.010248
0.003115
0.007747
0.001647
0.001724
0.001744
0.008189
0.003000
0.001599
0.008207
0.006854
0.007515
0.001788
0.001681
0.007707
0.001755
0.001701
0.001782
0.008887
0.001811
0.001744
0.008430
0.002810
0.001724
0.007676
0.001692
0.001725
0.008638
0.002053
0.002854
0.007059
0.001541
0.001645
0.001550
0.021556
0.001697
0.001639
0.011727
0.003183
0.002837
0.006197
0.001771
0.014705
0.001627
0.001612
0.005848
0.021723
0.010427
0.001659
0.013487
0.002369
0.008847
0.034670
0.016613
0.006994
0.001802
0.005249
0.011421
0.001740
0.001551
0.008269
0.001666
0.001778
0.008042
0.001787
0.001660
0.001674
0.006427
0.001978
0.004937
0.013259
0.013977
0.001808
0.008601
0.017426
0.001681
0.001699
0.010204
0.001990
0.017710
0.006339
0.003956
0.010118
0.002373
0.001620
0.009274
0.001690
0.001620
0.008842
0.001944
0.015135
0.001572
0.010875
0.001642
0.001726
0.009981
0.001639
0.001616
0.009164
0.001782
0.001947
0.008357
0.017971
0.002008
0.006925
0.004701
0.001555
0.037436
0.009415
0.011589
0.002322
0.006632
0.001547
0.001587
0.009736
0.001978
0.002879
0.008538
0.001560
0.016993
0.010397
0.003815
0.006720
0.001758
0.001666
0.010330
0.003423
0.001626
0.007911
0.002713
0.001822
0.016202
0.007155
0.001542
0.002467
0.010162
0.001717
0.011563
0.003572
0.001612
0.006615
0.001630
0.004345
0.011558
0.001949
0.007347
0.001669
0.003067
0.012919
0.001635
0.009874
0.002377
0.015759
0.010164
0.001695
0.001604
0.008720
0.017788
0.014773
0.001684
0.008249
0.002036
0.001654
0.001531
0.007339
0.001619
0.001625
0.011111
0.006056
0.006829
0.001602
0.001534
0.001781
0.028928
0.001727
0.005787
0.001722
0.002840
0.010239
0.005560
0.006380
0.041953
0.008593
0.001752
0.001977
0.005615
0.001750
0.008904
0.002161
0.007347
0.005772
0.004355
0.002620
0.007722
0.002089
0.001635
0.007381
0.001735
0.004479
0.010767
0.001667
0.001652
0.009192
0.013681
0.007227
0.007123
0.003827
0.013047
0.001906
0.008837
0.003676
0.011086
0.003398
0.009586
0.001664
0.001633
0.009472
0.003360
0.010772
0.002037
0.011643
0.001632
0.001797
0.006943
0.008440
0.005521
0.001841
0.001882
0.001686
0.006715
0.001603
0.001872
0.001557
0.005862
0.013736
0.001707
0.018353
0.001713
0.007999
0.022606
0.010403
0.001691
0.021287
0.009841
0.001638
0.006909
0.001552
0.003877
0.008329
0.006664
0.001684
0.004400
0.005833
0.001610
0.001825
0.002013
0.030306
0.008533
0.001983
0.015221
0.001764
0.011554
0.002827
0.010323
0.002369
0.010754
0.013845
0.006988
0.005943
0.001790
0.001688
0.009477
0.002289
0.002021
0.011575
0.001728
0.001630
0.006289
0.001580
0.001930
0.007119
0.001684
0.006894
0.009590
0.001637
0.007283
0.003121
0.003272
0.006913
0.001691
0.001829
0.001718
0.009563
0.001873
0.001595
0.005481
0.001596
0.014460
0.002449
0.001594
0.012686
0.001610
0.006754
0.001943
0.001687
0.001719
0.006738
0.002114
0.021168
0.006529
0.001605
0.001714
0.011432
0.004382
0.052028
0.007865
0.001584
0.014531
0.007398
0.004878
0.010822
0.001636
0.015550
0.001744
0.008451
0.001698
0.003504
0.009687
0.003968
0.010720
0.001662
0.001869
0.024865
0.002543
0.001662
0.006932
0.001766
0.004522
0.007183
0.001879
0.011153
0.001761
0.001702
0.007372
0.007262
0.005765
0.001934
0.003171
0.007011
0.005743
0.011249
0.001800
0.001609
0.008927
0.001705
0.003735
0.008325
0.003954
0.011840
0.001649
0.023155
0.007499
0.013470
0.003045
0.011382
0.019847
0.009674
0.002658
0.010885
0.001732
0.002509
0.011277
0.001664
0.009207
0.001685
0.016106
0.015172
0.001774
0.010655
0.002733
0.016027
0.009814
0.002500
0.011055
0.002261
0.002829
0.010980
0.001865
0.011142
0.013974
0.001810
0.012942
0.001721
0.007862
0.001933
0.001644
0.004099
0.006863
0.001636
0.001941
0.006547
0.001597
0.005411
0.014987
0.018441
0.011100
0.008422
0.001740
0.001594
0.010294
0.001671
0.003716
0.007357
0.001665
0.001622
0.006923
0.003422
0.002342
0.010830
0.003311
0.010370
0.001739
0.001624
0.006200
0.001534
0.005842
0.005986
0.007084
0.007124
0.002348
0.023579
0.022168
0.013544
0.001702
0.036716
0.010363
0.009897
0.006528
0.011086
0.012624
0.004611
0.013505
0.011187
0.001832
0.001648
0.001648
0.010998
0.001710
0.016068
0.010577
0.003607
0.010071
0.001640
0.011866
0.002527
0.002132
0.007093
0.001605
0.001614
0.008985
0.001668
0.001639
0.016574
0.007184
0.001893
0.001657
0.001648
0.007229
0.004108
0.001748
0.007825
0.002278
0.009838
0.007399
0.011076
0.014646
0.002339
0.010039
0.006694
0.008050
0.013873
0.003345
0.009830
0.003404
0.023374
0.010138
0.010517
0.003957
0.006841
0.001751
0.011183
0.005514
0.010346
0.002577
0.018492
0.009923
0.003037
0.006833
0.001755
0.001681
0.011552
0.002855
0.005125
0.001938
0.001823
0.012311
0.001754
0.004357
0.006984
0.001792
0.001582
0.012136
0.002884
0.010347
0.001768
0.001635
0.009392
0.002737
0.001753
0.011795
0.002301
0.011006
0.001819
0.011375
0.001894
0.014848
0.014156
0.011490
0.001684
0.011039
0.001686
0.001866
0.008140
0.001571
0.001679
0.011643
0.001616
0.012710
0.015181
0.002005
0.011894
0.013897
0.001914
0.001538
0.009655
0.002662
0.018886
0.010798
0.001675
0.001777
0.006055
0.009687
0.006294
0.031923
0.013501
0.001886
0.010712
0.001809
0.001648
0.009704
0.001894
0.011286
0.002703
0.010683
0.001588
0.004478
0.006943
0.014590
0.001711
0.001893
0.007829
0.007117
0.010584
0.014161
0.001706
0.001642
0.009485
0.002786
0.002261
0.007811
0.002672
0.001635
0.007539
0.001708
0.019468
0.014486
0.010092
0.012828
0.001674
0.001634
0.020640
0.009112
0.015260
0.001720
0.007342
0.001758
0.014346
0.018968
0.001878
0.005838
0.001586
0.005406
0.032369
0.008817
0.001724
0.001663
0.006319
0.004280
0.010021
0.001644
0.001602
0.013037
0.014155
0.001741
0.011532
0.006055
0.006153
0.001544
0.003403
0.011969
0.011653
0.001672
0.011012
0.003680
0.012260
0.001726
0.009591
0.003351
0.014268
0.004622
0.008502
0.001612
0.001587
0.020694
0.007547
0.009249
0.001915
0.001655
0.001709
0.006724
0.002318
0.001555
0.001604
0.009452
0.001740
0.016183
0.010291
0.001744
0.001635
0.021720
0.005709
0.007656
0.002000
0.001806
0.002829
0.010729
0.004396
0.013316
0.006658
0.015882
0.002982
0.023060
0.012940
0.013352
0.009727
0.002612
0.038114
0.015518
0.007426
0.001580
0.025059
0.001699
0.001882
0.011253
0.001702
0.008507
0.003406
0.001609
0.008643
0.001978
0.003440
0.010659
0.001697
0.018722
0.015765
0.010195
0.010301
0.003725
0.014843
0.001924
0.011154
0.002025
0.008292
0.004699
0.001695
0.008998
0.001541
0.011737
0.014412
0.001849
0.011718
0.001760
0.010872
0.001773
0.015371
0.001566
0.012635
0.001733
0.001582
0.011825
0.001786
0.008757
0.001732
0.001945
0.021391
0.009231
0.007323
0.001828
0.001891
0.001636
0.024430
0.014643
0.001632
0.003912
0.007471
0.001715
0.001831
0.011252
0.001686
0.012629
0.001723
0.008654
0.001651
0.015173
0.001719
0.011340
0.003248
0.002408
0.005931
0.001630
0.011632
0.001646
0.001712
0.001658
0.009528
0.017544
0.012611
0.001739
0.011410
0.003096
0.001995
0.022668
0.001680
0.001645
0.001735
0.012364
0.012979
0.002140
0.011218
0.022060
0.006540
0.001729
0.004213
0.007381
0.005322
0.010688
0.001673
0.020711
0.010365
0.010991
0.002558
0.026730
0.006841
0.017179
0.008010
0.002252
0.031788
0.016817
0.008175
0.002210
0.001990
0.022448
0.007941
0.009855
0.014944
0.002514
0.010263
0.003140
0.001763
0.008041
0.002007
0.002770
0.013607
0.011544
0.001909
0.011430
0.001729
0.012197
0.001609
0.011554
0.002587
0.001583
0.008075
0.006089
0.014268
0.014595
0.011584
0.001747
0.011282
0.007078
0.005677
0.001626
0.004535
0.006359
0.006529
0.006949
0.001711
0.002068
0.006927
0.001990
0.002020
0.008888
0.001665
0.002022
0.011199
0.001742
0.001667
0.023439
0.010341
0.016949
0.011124
0.010410
0.001710
0.001990
0.013120
0.007743
0.005831
0.009640
0.001632
0.009994
0.001762
0.001623
0.016796
0.010171
0.001675
0.011674
0.002249
0.001763
0.022781
0.001784
0.012742
0.001695
0.002144
0.012039
0.001915
0.010901
0.001813
0.010389
0.001813
0.004470
0.007125
0.001768
0.003487
0.010838
0.001596
0.008081
0.001765
0.015183
0.001682
0.001656
0.009318
0.001720
0.001668
0.005334
0.001671
0.001621
0.019191
0.019262
0.007157
0.018280
0.009963
0.003503
0.009494
0.003336
0.025884
0.008170
0.008945
0.002276
0.011026
0.001538
0.037140
0.014642
0.014809
0.009539
0.018320
0.010333
0.001868
0.012270
0.002800
0.008247
0.001636
0.001970
0.001669
0.006370
0.003529
0.010127
0.005800
0.006144
0.007126
0.010721
0.001973
0.014743
0.008745
0.001712
0.001669
0.014498
0.010761
0.005189
0.015448
0.010949
0.002988
0.009898
0.006254
0.006778
0.005990
0.007326
0.001665
0.048640
0.010081
0.007034
0.009324
0.023550
0.010096
0.001772
0.008049
0.002309
0.001695
0.011984
0.014230
0.002790
0.011407
0.001724
0.015877
0.001667
0.008080
0.002458
0.010009
0.002132
0.001674
0.001527
0.009496
0.001707
0.023450
0.014827
0.006675
0.015319
0.001767
0.007734
0.006485
0.010734
0.002788
0.008769
0.001658
0.011256
0.001624
0.017152
0.001613
0.008565
0.003051
0.014385
0.001691
0.012160
0.002587
0.024404
0.010096
0.009567
0.001708
0.007603
0.006829
0.009696
0.003655
0.010086
0.003417
0.009935
0.001708
0.001642
0.009111
0.021076
0.018394
0.009416
0.001708
0.039858
0.011574
0.009893
0.001783
0.008071
0.001728
0.011666
0.001925
0.001684
0.006864
0.001991
0.001680
0.001649
0.009683
0.004440
0.009271
0.001624
0.001675
0.009776
0.001786
0.003590
0.005974
0.001568
0.011793
0.002235
0.001490
0.001622
0.006309
0.005627
0.013907
0.010287
0.001943
0.012070
0.001654
0.001636
0.007903
0.001654
0.001659
0.001708
0.006484
0.007235
0.013825
0.001715
0.008794
0.002053
0.001736
0.008321
0.001641
0.010806
0.001931
0.010054
0.001617
0.001812
0.001715
0.015396
0.007024
0.001873
0.003245
0.013486
0.011332
0.016772
0.004706
0.006849
0.001725
0.001651
0.011298
0.012684
0.001783
0.001581
0.014980
0.009017
0.001707
0.001756
0.014414
0.010906
0.001699
0.005377
0.009877
0.002504
0.010416
0.014608
0.001999
0.014902
0.001696
0.011096
0.001677
0.009861
0.001647
0.010037
0.008122
0.006861
0.006021
0.014829
0.001621
0.007745
0.001851
0.001973
0.006053
0.001602
0.001592
0.003220
0.007074
0.007361
0.005950
0.001581
0.001966
0.027382
0.010713
0.011647
0.006355
0.005360
0.007724
0.001643
0.015472
0.001714
0.011793
0.002739
0.015005
0.010064
0.001654
0.020498
0.017858
0.006932
0.001545
0.017478
0.022182
0.012710
0.009922
0.007400
0.003831
0.001644
0.007281
0.003409
0.001687
0.011594
0.003099
0.009836
0.001672
0.001602
0.009792
0.002890
0.002007
0.006963
0.001653
0.004192
0.009580
0.001599
0.009283
0.001950
0.016799
0.012416
0.003042
0.008407
0.004933
0.015113
0.001691
0.007041
0.003068
0.001618
0.011800
0.013848
0.001657
0.009712
0.001674
0.001590
0.010230
0.001746
0.001654
0.001974
0.006259
0.003609
0.001570
0.007360
0.005039
0.008786
0.017681
0.001758
0.012401
0.001721
0.010540
0.022197
0.012611
0.001741
0.007999
0.001674
0.001588
0.009371
0.001698
0.001625
0.001956
0.005335
0.001676
0.012178
0.001727
0.014545
0.001732
0.004049
0.006420
0.001651
0.001528
0.013592
0.002051
0.011354
0.001674
0.011618
0.001675
0.011948
0.003168
0.009389
0.003545
0.001629
0.011906
0.001705
0.013067
0.001661
0.010848
0.001796
0.011338
0.002773
0.014241
0.011390
0.001721
0.009798
0.001873
0.020304
0.007061
0.002823
0.001595
0.011978
0.001693
0.001492
0.006442
0.001636
0.001766
0.010871
0.001715
0.001621
0.008439
0.003161
0.001716
0.008257
0.002352
0.002883
0.010026
0.002759
0.010582
0.002864
0.009933
0.001696
0.022772
0.012480
0.049623
0.007478
0.001624
0.010109
0.005881
0.005913
0.001692
0.003495
0.008288
0.001656
0.001815
0.001639
0.009857
0.001671
0.011366
0.001757
0.001753
0.006674
0.001722
0.001667
0.001882
0.008448
0.001668
0.017281
0.007901
0.002808
0.002565
0.006183
0.001710
0.001585
0.001666
0.013088
0.001773
0.010210
0.001657
0.006913
0.002116
0.001606
0.001609
0.009702
0.001654
0.001962
0.007353
0.001721
0.011793
0.001684
0.004044
0.010654
0.002524
0.006902
0.001954
0.001634
0.001596
0.009457
0.016459
0.002106
0.009274
0.002745
0.001585
0.007645
0.014451
0.001930
0.002819
0.015246
0.022536
0.007333
0.002586
0.007053
0.001591
0.003222
0.006784
0.002253
0.002952
0.006781
0.004474
0.012271
0.001917
0.001788
0.008122
0.001774
0.010727
0.014618
0.001820
0.001807
0.001622
0.006648
0.006011
0.015110
0.014078
0.001822
0.006675
0.004206
0.008324
0.004751
0.001667
0.007975
0.001655
0.001772
0.007513
0.001686
0.003575
0.010873
0.002655
0.009008
0.004912
0.009372
0.014073
0.004478
0.014357
0.002772
0.006646
0.002438
0.013770
0.001609
0.001694
0.009524
0.001626
0.011749
0.002826
0.010562
0.001683
0.004409
0.005926
0.001609
0.001693
0.006941
0.008608
0.008561
0.001837
0.001553
0.010105
0.002533
0.029987
0.011435
0.001635
0.003267
0.043684
0.009875
0.014619
0.007042
0.010631
0.001668
0.001614
0.007597
0.001696
0.004565
0.012849
0.001622
0.009265
0.001731
0.011010
0.003078
0.009679
0.001802
0.012048
0.003481
0.014920
0.002831
0.010832
0.002491
0.010570
0.003113
0.010562
0.014260
0.003680
0.001636
0.007701
0.002572
0.001652
0.008215
0.006572
0.010438
0.011436
0.021362
0.001692
0.011746
0.009692
0.003273
0.003136
0.010115
0.001677
0.008219
0.001729
0.012104
0.001785
0.002597
0.008162
0.015479
0.006359
0.008186
0.001649
0.015251
0.001686
0.001871
0.005298
0.001631
0.002957
0.016463
0.009202
0.001752
0.001676
0.008271
0.014169
0.005827
0.008423
0.001701
0.001643
0.012616
0.002968
0.010281
0.003200
0.133762
0.007688
0.002485
0.012708
0.001589
0.001652
0.010526
0.001666
0.015716
0.011376
0.017899
0.001741
0.008117
0.003266
0.001910
0.007917
0.001772
0.002054
0.008169
0.019558
0.001585
0.020179
0.017228
0.052308
0.007126
0.007322
0.001580
0.001618
0.007370
0.001644
0.001611
0.012749
0.007474
0.003060
0.002179
0.001596
0.007709
0.017811
0.001720
0.011771
0.018879
0.010734
0.001785
0.001909
0.007474
0.007616
0.011451
0.003679
0.008691
0.001631
0.001654
0.015596
0.006341
0.003520
0.001906
0.008170
0.002255
0.002765
0.007472
0.001713
0.020123
0.009445
0.002971
0.010078
0.003117
0.002049
0.008523
0.001554
0.001940
0.007645
0.006637
0.005301
0.001584
0.001668
0.014045
0.001864
0.008328
0.001619
0.001617
0.001945
0.024830
0.002179
0.001764
0.008661
0.001629
0.015585
0.013823
0.002192
0.011365
0.001650
0.001579
0.007005
0.001676
0.001587
0.014607
0.011435
0.001821
0.004175
0.005857
0.001561
0.001660
0.001738
0.006775
0.017394
0.002403
0.011750
0.001739
0.001606
0.007195
0.001711
0.001847
0.007644
0.001883
0.001663
0.001644
0.007143
0.007688
0.009627
0.010733
0.001706
0.001630
0.011708
0.013882
0.003656
0.014670
0.002648
0.007163
0.001655
0.001894
0.007427
0.001619
0.005590
0.009303
0.001899
0.010714
0.001982
0.001692
0.007346
0.006745
0.006277
0.003566
0.002621
0.012056
0.007402
0.008194
0.009967
0.001977
0.022941
0.014557
0.006817
0.001668
0.025197
0.019993
0.010092
0.004905
0.007702
0.001936
0.012298
0.003368
0.017652
0.003762
0.001727
0.001630
0.003994
0.015487
0.007616
0.001664
0.001624
0.001755
0.012917
0.001756
0.008041
0.001618
0.001941
0.008003
0.002703
0.001584
0.006739
0.001600
0.001596
0.012898
0.003431
0.010054
0.003613
0.010398
0.003112
0.001767
0.008231
0.014345
0.003713
0.016599
0.010580
0.001753
0.001616
0.010098
0.001839
0.014976
0.010768
0.001801
0.001609
0.012479
0.002396
0.007264
0.001614
0.001687
0.011270
0.026983
0.011339
0.013660
0.006704
0.001731
0.001634
0.013097
0.001679
0.010892
0.013429
0.004572
0.008104
0.001612
0.001618
0.010482
0.001751
0.003917
0.007147
0.002144
0.001876
0.007683
0.001620
0.002969
0.007906
0.001972
0.002512
0.009677
0.003591
0.010796
0.001968
0.011934
0.009969
0.008503
0.007247
0.003827
0.001707
0.006393
0.002168
0.002160
0.001677
0.006126
0.004204
0.011006
0.002318
0.010659
0.002837
0.001643
0.007641
0.004581
0.012654
0.002613
0.015104
0.007323
0.001724
0.002086
0.001679
0.038389
0.024790
0.097349
0.023370
0.010234
0.012512
0.007991
0.001576
0.001692
0.008804
0.003058
0.010007
0.003505
0.001683
0.007647
0.001623
0.005025
0.005970
0.001701
0.002706
0.010795
0.001650
0.016056
0.010717
0.001627
0.011301
0.001687
0.001580
0.001623
0.010749
0.001693
0.007156
0.002644
0.001634
0.014733
0.001701
0.008212
0.002674
0.010792
0.002796
0.003133
0.010075
0.001648
0.008053
0.001751
0.015235
0.001731
0.001960
0.011385
0.001990
0.007601
0.001629
0.011812
0.001616
0.001621
0.008371
0.006441
0.011066
0.001701
0.009040
0.001686
0.027161
0.011697
0.009645
0.014824
0.001762
0.014902
0.010928
0.001681
0.010386
0.001671
0.001672
0.015046
0.009914
0.003542
0.001704
0.007359
0.001651
0.004412
0.006739
0.002367
0.002898
0.021513
0.008162
0.010773
0.001694
0.001736
0.008577
0.001628
0.011873
0.002867
0.013609
0.001695
0.001597
0.009517
0.001742
0.011714
0.001669
0.001700
0.009714
0.001725
0.001633
0.012605
0.001679
0.008483
0.002605
0.010557
0.002911
0.002780
0.018399
0.007705
0.002015
0.009262
0.006082
0.009126
0.002698
0.013997
0.001705
0.007826
0.003391
0.001649
0.031692
0.010217
0.001670
0.042863
0.007930
0.012601
0.011655
0.001759
0.001672
0.010130
0.003398
0.008990
0.002002
0.010559
0.006731
0.007417
0.005648
0.010023
0.001620
0.012008
0.014011
0.001583
0.009983
0.001730
0.001642
0.010959
0.002344
0.002922
0.006938
0.002651
0.011131
0.001897
0.001678
0.018126
0.007313
0.001663
0.001679
0.009062
0.002394
0.014843
0.001727
0.007788
0.002469
0.002856
0.011086
0.001701
0.010054
0.001903
0.011110
0.001874
0.001553
0.006921
0.001672
0.001981
0.001696
0.007524
0.002327
0.009974
0.007586
0.010233
0.025063
0.008287
0.010458
0.001699
0.001642
0.008548
0.002945
0.003113
0.001979
0.014252
0.001726
0.002691
0.001651
0.008724
0.013422
0.002073
0.011382
0.006290
0.007142
0.017149
0.001845
0.010874
0.001650
0.010850
0.001644
0.002006
0.009811
0.001768
0.001673
0.008700
0.002494
0.011844
0.003453
0.009058
0.001868
0.001853
0.007093
0.001770
0.005067
0.006797
0.001602
0.012791
0.001786
0.010459
0.001887
0.001727
0.010795
0.001682
0.011858
0.006440
0.005978
0.002700
0.001706
0.015576
0.007128
0.005582
0.001696
0.008084
0.002570
0.007649
0.002041
0.002105
0.001708
0.011760
0.001698
0.010560
0.001647
0.024380
0.006936
0.045143
0.012085
0.014599
0.006950
0.010160
0.003279
0.007673
0.005602
0.002005
0.005637
0.014360
0.001705
0.001647
0.013786
0.001695
0.015055
0.011330
0.001741
0.010994
0.001590
0.001625
0.012551
0.001885
0.008699
0.001694
0.003945
0.007300
0.005957
0.010659
0.002546
0.010649
0.001716
0.012027
0.001669
0.001575
0.013023
0.003006
0.009310
0.003572
0.006638
0.001656
0.003502
0.010909
0.004956
0.006475
0.001700
0.001953
0.012662
0.001641
0.013662
0.001976
0.007804
0.003910
0.001870
0.009663
0.001669
0.031522
0.007124
0.001771
0.001683
0.001598
0.008535
0.001703
0.001669
0.002344
0.001678
0.001628
0.007940
0.001781
0.001663
0.001599
0.007444
0.005567
0.009714
0.001907
0.014244
0.011123
0.001603
0.011474
0.002466
0.001668
0.011264
0.001671
0.011746
0.001635
0.001687
0.009410
0.001759
0.002004
0.006157
0.007769
0.006435
0.001608
0.001819
0.009524
0.001711
0.001666
0.001632
0.010306
0.001709
0.007573
0.001756
0.001625
0.001845
0.008941
0.002584
0.021877
0.007653
0.002732
0.009117
0.002133
0.006832
0.005729
0.015358
0.009953
0.001715
0.012176
0.001691
0.011726
0.001664
0.012596
0.001689
0.003625
0.013449
0.030516
0.043998
0.011052
0.010522
0.011516
0.002181
0.010860
0.002956
0.009656
0.001654
0.001615
0.010313
0.002437
0.001595
0.008235
0.001686
0.004693
0.005982
0.005581
0.007531
0.002786
0.002186
0.010476
0.014522
0.002005
0.011427
0.001604
0.001704
0.011631
0.004564
0.007328
0.001541
0.001982
0.012036
0.002799
0.013306
0.001757
0.009570
0.001668
0.014564
0.003673
0.011349
0.001584
0.007549
0.001654
0.015027
0.002647
0.006589
0.008225
0.008469
0.001938
0.013404
0.007949
0.003774
0.001692
0.001639
0.007431
0.001681
0.001671
0.001716
0.034318
0.006964
0.001680
0.001677
0.006097
0.004142
0.001757
0.006316
0.001631
0.005230
0.006664
0.006274
0.007052
0.001715
0.002088
0.001658
0.009850
0.002157
0.009791
0.002781
0.009654
0.003227
0.014998
0.001803
0.011401
0.001909
0.007358
0.001738
0.001903
0.001824
0.014868
0.006302
0.002154
0.001642
0.001719
0.006304
0.001630
0.001677
0.010344
0.001587
0.001955
0.007377
0.003146
0.003280
0.006633
0.002092
0.016989
0.001836
0.013387
0.009679
0.003284
0.003188
0.005799
0.005547
0.006745
0.003190
0.001918
0.011332
0.001720
0.001695
0.008828
0.004709
0.009248
0.013500
0.001621
0.001599
0.009648
0.002765
0.002686
0.007402
0.001974
0.033928
0.007763
0.038702
0.010279
0.001890
0.003679
0.015136
0.011036
0.001675
0.011652
0.001605
0.001749
0.006708
0.001733
0.001669
0.001967
0.007194
0.001703
0.001764
0.007637
0.001733
0.003777
0.014589
0.010535
0.001747
0.020220
0.010540
0.015034
0.001690
0.007820
0.002651
0.001669
0.016491
0.010427
0.002523
0.007841
0.001688
0.011609
0.001832
0.003745
0.008755
0.001618
0.001640
0.008742
0.001681
0.001870
0.014599
0.001830
0.005420
0.005878
0.010948
0.001899
0.007238
0.006644
0.001664
0.021763
0.001756
0.035984
0.006802
0.001589
0.012887
0.002037
0.001666
0.001791
0.008829
0.001687
0.001829
0.008439
0.021486
0.008165
0.006935
0.007400
0.001563
0.017581
0.014768
0.001968
0.007581
0.001728
0.001785
0.008317
0.017639
0.003432
0.010787
0.001739
0.011607
0.002769
0.001821
0.007747
0.002797
0.001845
0.013516
0.007471
0.002961
0.002686
0.007048
0.001561
0.001648
0.012942
0.002027
0.011066
0.014015
0.003949
0.002368
0.006561
0.002970
0.014740
0.001634
0.006828
0.003357
0.013001
0.002117
0.011793
0.003376
0.010894
0.002570
0.013004
0.002300
0.031294
0.043179
0.011241
0.007259
0.002785
0.010364
0.011057
0.001779
0.001635
0.015994
0.010344
0.003009
0.001702
0.008403
0.001747
0.011534
0.001690
0.001851
0.008452
0.013951
0.002004
0.011480
0.002266
0.017880
0.001875
0.008423
0.006638
0.006980
0.006151
0.011189
0.001735
0.008815
0.005416
0.014806
0.007018
0.002025
0.001821
0.020478
0.009209
0.004183
0.010166
0.002369
0.010385
0.003124
0.010132
0.001664
0.001867
0.009831
0.001673
0.001611
0.010936
0.001624
0.009700
0.001657
0.031068
0.007929
0.006793
0.001668
0.010054
0.003665
0.002249
0.009505
0.001743
0.012741
0.007527
0.002074
0.002124
0.001657
0.010515
0.001876
0.001641
0.010219
0.001751
0.001582
0.008821
0.001664
0.015700
0.001640
0.007099
0.001712
0.001568
0.013291
0.001719
0.018228
0.008965
0.002592
0.010690
0.001664
0.023270
0.013710
0.008469
0.001722
0.007475
0.007070
0.010798
0.001745
0.001883
0.007765
0.002781
0.010940
0.001707
0.001740
0.012244
0.001685
0.007698
0.001621
0.012682
0.001671
0.001637
0.001939
0.009155
0.001692
0.011517
0.014564
0.003226
0.010510
0.001686
0.031099
0.008133
0.030481
0.010608
0.009859
0.003274
0.002003
0.008060
0.005953
0.011062
0.001631
0.001644
0.009207
0.001728
0.015560
0.007972
0.001582
0.012510
0.001681
0.001654
0.012594
0.003777
0.009592
0.002939
0.013172
0.001623
0.009954
0.003498
0.008987
0.005455
0.005718
0.003917
0.004907
0.006412
0.001940
0.011133
0.001652
0.011614
0.002605
0.016871
0.015790
0.002101
0.007194
0.004481
0.011377
0.003881
0.006575
0.001696
0.003601
0.011575
0.009807
0.001951
0.002864
0.001768
0.012095
0.001776
0.008490
0.004489
0.026873
0.008490
0.007462
0.017826
0.014191
0.001617
0.007257
0.017520
0.004289
0.007619
0.005361
0.010807
0.001670
0.015822
0.007848
0.001738
0.002625
0.014815
0.001814
0.006492
0.003794
0.002835
0.010256
0.001647
0.018734
0.011832
0.010902
0.001692
0.015452
0.001670
0.007618
0.002631
0.001599
0.007575
0.001703
0.004275
0.010142
0.003673
0.014348
0.010060
0.001679
0.001633
0.012134
0.011149
0.001685
0.001650
0.001626
0.010702
0.001715
0.022708
0.007782
0.013052
0.010969
0.004063
0.001650
0.029447
0.009015
0.038357
0.015348
0.002633
0.005738
0.001607
0.004058
0.006619
0.001725
0.019077
0.011393
0.001673
0.010546
0.003626
0.001618
0.006417
0.001491
0.004861
0.005830
0.001571
0.001593
0.001497
0.009940
0.002712
0.014676
0.010178
0.002026
0.011903
0.002148
0.011943
0.002196
0.009326
0.001836
0.004184
0.008114
0.005748
0.009537
0.010059
0.001707
0.001647
0.012519
0.003072
0.001951
0.007655
0.001714
0.001929
0.006434
0.001598
0.001592
0.013909
0.001947
0.007301
0.003046
0.001844
0.011741
0.001945
0.001717
0.006842
0.001619
0.011890
0.001615
0.031327
0.008224
0.006927
0.011472
0.001704
0.012981
0.003101
0.013083
0.009313
0.001663
0.001652
0.001646
0.011171
0.001711
0.022691
0.001672
0.004675
0.010042
0.001683
0.010434
0.001766
0.001595
0.008357
0.001809
0.020719
0.007879
0.001749
0.003449
0.009887
0.003674
0.006730
0.001600
0.004886
0.009009
0.001668
0.001598
0.008248
0.006968
0.006109
0.001604
0.001652
0.001615
0.005907
0.001913
0.003147
0.007039
0.001689
0.001675
0.001695
0.006457
0.008214
0.005903
0.001604
0.001680
0.001615
0.006390
0.001650
0.012985
0.001744
0.003406
0.009686
0.003743
0.010793
0.002738
0.010280
0.001934
0.001606
0.008812
0.003049
0.007829
0.002043
0.020516
0.007993
0.049310
0.020468
0.008836
0.001740
0.010290
0.001869
0.004557
0.015185
0.009533
0.008647
0.004775
0.002239
0.001814
0.014677
0.011391
0.001788
0.007871
0.002558
0.001860
0.007880
0.004945
0.009917
0.001569
0.012430
0.003651
0.001908
0.012132
0.001817
0.010932
0.001690
0.007944
0.005687
0.014327
0.010418
0.001611
0.012698
0.001657
0.001563
0.012184
0.001859
0.012034
0.001600
0.006494
0.002556
0.002731
0.013845
0.001671
0.006017
0.001979
0.001735
0.013620
0.029491
0.008114
0.011624
0.009040
0.001662
0.011473
0.001697
0.001996
0.006759
0.001640
0.011352
0.013546
0.007841
0.014332
0.010677
0.001545
0.001985
0.012384
0.015642
0.009594
0.002346
0.013358
0.001692
0.011669
0.001641
0.001717
0.010474
0.002177
0.011504
0.005199
0.008213
0.001631
0.001643
0.007454
0.008363
0.007250
0.001671
0.002810
0.010314
0.002306
0.007219
0.001683
0.001992
0.001987
0.007417
0.001659
0.001573
0.013247
0.011322
0.001726
0.001653
0.008855
0.001605
0.016239
0.001683
0.010925
0.001700
0.001572
0.009418
0.014087
0.001656
0.010047
0.001775
0.027513
0.048496
0.014022
0.015206
0.010490
0.010175
0.001667
0.013028
0.011941
0.001690
0.001672
0.009950
0.003231
0.010991
0.002642
0.001745
0.008448
0.001729
0.003098
0.009757
0.001637
0.008400
0.001708
0.011033
0.001943
0.013375
0.004513
0.001527
0.008447
0.001831
0.013772
0.001707
0.013651
0.001674
0.015981
0.006514
0.001604
0.001625
0.001667
0.012325
0.001591
0.008426
0.003642
0.009756
0.001624
0.001734
0.006653
0.001919
0.012036
0.003592
0.001674
0.014605
0.009027
0.002174
0.013020
0.001543
0.024759
0.017746
0.007590
0.009631
0.002486
0.007695
0.001716
0.011968
0.004575
0.001624
0.007957
0.001701
0.001683
0.012780
0.001852
0.007146
0.001689
0.001617
0.001858
0.013891
0.011118
0.001654
0.001662
0.009522
0.001865
0.001552
0.007093
0.001708
0.004397
0.007236
0.001637
0.003538
0.011037
0.013549
0.003818
0.007658
0.001560
0.013084
0.001820
0.002092
0.008413
0.001642
0.002836
0.008059
0.005957
0.007105
0.002096
0.018217
0.011366
0.001729
0.001766
0.013441
0.001727
0.011061
0.010535
0.001608
0.002016
0.001657
0.010288
0.002344
0.010217
0.001890
0.001691
0.012013
0.001615
0.008619
0.002976
0.026501
0.034887
0.010402
0.012221
0.012009
0.008415
0.002346
0.003608
0.006017
0.002681
0.014809
0.001695
0.011906
0.002790
0.013459
0.001709
0.009121
0.003003
0.001614
0.007275
0.002867
0.003246
0.009995
0.002766
0.012247
0.011600
0.003787
0.010644
0.001710
0.015080
0.001700
0.007863
0.001698
0.011249
0.001559
0.001580
0.001640
0.006600
0.001671
0.003900
0.010294
0.003236
0.010507
0.014266
0.006986
0.006682
0.001670
0.001710
0.012591
0.011731
0.005258
0.011893
0.001551
0.001951
0.007839
0.005855
0.007827
0.002638
0.001588
0.030498
0.007791
0.006530
0.010528
0.002892
0.009779
0.003586
0.018788
0.007951
0.001655
0.002476
0.024748
0.001645
0.016380
0.001911
0.008648
0.012820
0.001671
0.012349
0.001738
0.001594
0.013985
0.003422
0.010031
0.014515
0.001731
0.019214
0.007334
0.001718
0.011176
0.003345
0.001908
0.012081
0.013952
0.002497
0.010836
0.013826
0.003327
0.009838
0.001701
0.010860
0.001689
0.001648
0.001653
0.007864
0.001684
0.011994
0.001647
0.001651
0.001646
0.006862
0.001718
0.002981
0.010143
0.003516
0.008829
0.004508
0.001982
0.058574
0.011331
0.014494
0.010987
0.010475
0.001676
0.008253
0.001668
0.011509
0.001671
0.001605
0.011835
0.001737
0.016808
0.009934
0.003634
0.019346
0.007960
0.015176
0.001673
0.001615
0.007245
0.005848
0.010885
0.001702
0.015662
0.013001
0.001694
0.013053
0.001651
0.011463
0.001679
0.009321
0.001814
0.001631
0.011259
0.001618
0.001588
0.009285
0.003740
0.019559
0.009582
0.009185
0.001751
0.002751
0.012581
0.001715
0.011096
0.001634
0.012946
0.001792
0.024392
0.006722
0.010052
0.005502
0.011118
0.001694
0.001518
0.012579
0.015294
0.018744
0.010610
0.009836
0.003366
0.001559
0.008892
0.001639
0.001638
0.001956
0.012727
0.010331
0.003039
0.012397
0.001613
0.001947
0.010624
0.014209
0.014898
0.001613
0.002146
0.006029
0.017413
0.014525
0.001682
0.015991
0.001625
0.007964
0.001593
0.001566
0.001689
0.010587
0.001736
0.011855
0.001729
0.016186
0.010580
0.006845
0.007041
0.002091
0.001605
0.008208
0.002377
0.002910
0.014891
0.009246
0.001645
0.016526
0.025691
0.035637
0.010306
0.002007
0.001991
0.009255
0.002063
0.011077
0.002108
0.001721
0.010756
0.001624
0.001663
0.001692
0.009289
0.001692
0.007585
0.002956
0.003541
0.014196
0.014271
0.001822
0.008701
0.002602
0.008985
0.001806
0.013209
0.001703
0.001954
0.007014
0.005594
0.001829
0.006472
0.002088
0.001678
0.011408
0.001660
0.011985
0.001716
0.015309
0.003136
0.006327
0.001764
0.003731
0.007285
0.001780
0.013923
0.002133
0.016370
0.009358
0.001626
0.001757
0.008746
0.001619
0.001989
0.009693
0.005364
0.010513
0.001882
0.001651
0.006839
0.004675
0.011465
0.001855
0.001713
0.028154
0.001730
0.008490
0.006543
0.007056
0.005978
0.007844
0.017375
0.001596
0.011105
0.001680
0.001573
0.007278
0.001606
0.001586
0.001827
0.014160
0.010789
0.001708
0.001593
0.009092
0.002252
0.009905
0.001647
0.001622
0.006353
0.001733
0.001645
0.001636
0.006975
0.001592
0.004632
0.006628
0.001629
0.001613
0.008336
0.003750
0.001816
0.023614
0.006615
0.010398
0.002775
0.001710
0.007749
0.002721
0.002520
0.004796
0.001616
0.001973
0.003389
0.006229
0.002288
0.013597
0.001716
0.016310
0.010645
0.003188
0.010837
0.001706
0.003479
0.007536
0.002212
0.015316
0.001674
0.010664
0.005400
0.008501
0.002579
0.001740
0.024851
0.044610
0.007570
0.011054
0.001652
0.001713
0.005832
0.001753
0.013377
0.001653
0.001626
0.011446
0.002883
0.007363
0.001657
0.016342
0.001778
0.014974
0.001806
0.008492
0.001688
0.001650
0.007238
0.011401
0.002683
0.001633
0.001626
0.008686
0.001723
0.001858
0.001761
0.006452
0.001609
0.011846
0.001729
0.001698
0.011325
0.001889
0.001865
0.008630
0.001839
0.001659
0.006814
0.001955
0.004510
0.012917
0.008183
0.001775
0.001516
0.012249
0.002735
0.014941
0.010857
0.001665
0.011462
0.002776
0.001998
0.008237
0.002022
0.014905
0.001807
0.016020
0.025618
0.011618
0.006757
0.002676
0.011732
0.008136
0.006178
0.010755
0.003754
0.014848
0.001676
0.010525
0.001497
0.009211
0.001947
0.003471
0.007258
0.001654
0.018752
0.010501
0.003115
0.009661
0.003779
0.001742
0.005764
0.001728
0.001620
0.009683
0.001876
0.022402
0.008564
0.001650
0.011048
0.001651
0.001806
0.008079
0.003528
0.010983
0.012224
0.003814
0.001915
0.012221
0.002398
0.011241
0.001767
0.010873
0.001921
0.001775
0.009153
0.001961
0.001574
0.008263
0.001888
0.017309
0.011279
0.001698
0.008375
0.001892
0.001736
0.001618
0.006448
0.006033
0.054147
0.007569
0.001777
0.006987
0.001771
0.003421
0.014341
0.012184
0.001807
0.009917
0.001688
0.015588
0.001741
0.008201
0.002021
0.001624
0.007766
0.001633
0.004310
0.011222
0.001681
0.010706
0.001636
0.009353
0.001945
0.001604
0.001688
0.007121
0.001873
0.005218
0.007044
0.001651
0.001600
0.011815
0.001964
0.012187
0.011613
0.001799
0.002276
0.001565
0.007346
0.001758
0.012436
0.002041
0.015041
0.001719
0.011633
0.010120
0.003493
0.001855
0.001638
0.008643
0.001705
0.011759
0.002619
0.001733
0.010766
0.003842
0.007628
0.002454
0.002013
0.011108
0.001660
0.011250
0.029594
0.010092
0.008945
0.002026
0.006532
0.006201
0.014873
0.010767
0.002636
0.010690
0.001705
0.003002
0.007974
0.001696
0.010248
0.001872
0.001530
0.001661
0.011185
0.001825
0.011508
0.001676
0.001712
0.009094
0.013984
0.003110
0.001687
0.012012
0.009482
0.001642
0.001803
0.007098
0.004491
0.001823
0.007512
0.006537
0.010563
0.002120
0.011304
0.001722
0.001558
0.009642
0.002585
0.001694
0.008174
0.010988
0.005079
0.003033
0.007226
0.002236
0.001611
0.015598
0.010701
0.001606
0.019440
0.007784
0.001794
0.003224
0.006918
0.004239
0.007732
0.001669
0.011231
0.003108
0.002539
0.031564
0.025895
0.010582
0.010398
0.014354
0.010280
0.013424
0.001974
0.012796
0.001640
0.001903
0.012393
0.001991
0.007549
0.001686
0.001874
0.001643
0.006499
0.002200
0.001855
0.015905
0.001795
0.006409
0.001811
0.012792
0.004108
0.013339
0.002935
0.010782
0.001688
0.010607
0.001678
0.001680
0.014657
0.009333
0.001693
0.015683
0.001626
0.007902
0.002607
0.001721
0.008229
0.001624
0.001814
0.012099
0.003003
0.010475
0.001816
0.001691
0.009147
0.002028
0.001636
0.008829
0.002515
0.011065
0.002423
0.002797
0.006951
0.006056
0.014044
0.011449
0.026439
0.008208
0.009206
0.001942
0.003276
0.005945
0.001788
0.001624
0.016187
0.010487
0.001708
0.003700
0.012324
0.013478
0.015638
0.002899
0.007412
0.001677
0.004642
0.009096
0.014962
0.001700
0.008006
0.015212
0.001782
0.012522
0.001794
0.001573
0.012184
0.004435
0.018674
0.006865
0.002680
0.061906
0.007011
0.001701
0.044189
0.008414
0.157185
0.017364
0.007552
0.007270
0.001971
0.001843
0.011187
0.002717
0.003030
0.005682
0.003583
0.002626
0.015178
0.010525
0.001697
0.019320
0.007406
0.001700
0.027621
0.014905
0.007278
0.006873
0.004308
0.007500
0.001773
0.014142
0.003201
0.001865
0.007687
0.001663
0.002080
0.016098
0.006936
0.001788
0.014919
0.001823
0.001636
0.005964
0.005770
0.007440
0.001761
0.001713
0.001605
0.011638
0.001607
0.007998
0.007319
0.006070
0.001663
0.011270
0.002646
0.022692
0.010100
0.009317
0.001893
0.005646
0.006054
0.002718
0.003067
0.007168
0.001687
0.001939
0.014454
0.001699
0.009825
0.001694
0.011603
0.001687
0.011594
0.007366
0.014867
0.010572
0.001665
0.007214
0.001863
0.004108
0.010076
0.002652
0.011150
0.001780
0.001705
0.008554
0.001861
0.001611
0.008123
0.002842
0.007216
0.005613
0.001664
0.010580
0.001888
0.001662
0.011109
0.001564
0.010062
0.001955
0.001619
0.005862
0.001681
0.001739
0.015075
0.009392
0.001830
0.003366
0.011585
0.001708
0.010534
0.003810
0.006698
0.001772
0.013780
0.001633
0.001568
0.008724
0.003282
0.001752
0.008053
0.002120
0.002674
0.013395
0.058248
0.007532
0.009877
0.001696
0.001564
0.008510
0.001746
0.015077
0.012849
0.015829
0.001702
0.008744
0.002684
0.001651
0.010616
0.004096
0.006532
0.002156
0.001734
0.010933
0.001700
0.001631
0.009174
0.001737
0.001793
0.022398
0.001863
0.001805
0.001783
0.007124
0.002142
0.002780
0.012917
0.011581
0.001704
0.001622
0.005943
0.001713
0.001643
0.010947
0.001789
0.004234
0.005819
0.007414
0.005826
0.007126
0.013735
0.001711
0.006193
0.001675
0.004439
0.008325
0.001751
0.001744
0.010458
0.009584
0.004935
0.001730
0.012332
0.001664
0.007405
0.001595
0.025873
0.011550
0.011037
0.001746
0.007977
0.008423
0.001623
0.001621
0.012661
0.002567
0.010240
0.003257
0.010601
0.014190
0.002552
0.009520
0.003716
0.002449
0.011301
0.001608
0.010782
0.001599
