0.017902
0.011325
0.001780
0.024799
0.011704
0.011067
0.017212
0.011898
0.014427
0.003077
0.014869
0.011044
0.002358
0.012999
0.011731
0.001855
0.001878
0.012283
0.001848
0.011078
0.014154
0.001771
0.011449
0.001949
0.001968
0.010252
0.001791
0.001819
0.008677
0.001722
0.001812
0.023382
0.070696
0.075300
0.021981
0.009680
0.001802
0.001840
0.001715
0.015505
0.027419
0.015957
0.012655
0.011115
0.007728
0.010748
0.003642
0.009262
0.005186
0.008984
0.001801
0.001857
0.015860
0.002158
0.006438
0.001786
0.011450
0.001820
0.001820
0.001929
0.006944
0.006458
0.011372
0.001864
0.008216
0.001923
0.011675
0.005751
0.002103
0.007932
0.012536
0.004772
0.003467
0.005964
0.002521
0.003390
0.053391
0.015540
0.014176
0.010905
0.007818
0.001864
0.001849
0.014906
0.017709
0.008007
0.003013
0.014540
0.010647
0.019763
0.015692
0.017024
0.010248
0.001850
0.001826
0.008115
0.001900
0.001698
0.013790
0.012113
0.001977
0.001834
0.011042
0.001794
0.002152
0.011241
0.002188
0.006161
0.004280
0.013902
0.001833
0.008414
0.007156
0.006429
0.002460
0.002932
0.010546
0.002548
0.011005
0.001908
0.002040
0.007933
0.002431
0.002070
0.022470
0.001612
0.001825
0.012874
0.001821
0.016222
0.015955
0.013068
0.001788
0.007760
0.018425
0.001834
0.011590
0.003894
0.007373
0.005707
0.010263
0.003244
0.009978
0.003594
0.016889
0.008422
0.002879
0.029620
0.017215
0.007998
0.007800
0.014202
0.001817
0.007022
0.001919
0.001788
0.012266
0.001901
0.011884
0.001835
0.008212
0.001945
0.001790
0.001757
0.009144
0.022423
0.007214
0.001840
0.001869
0.008127
0.006999
0.010903
0.001881
0.015513
0.010328
0.002130
0.012052
0.001858
0.001858
0.008384
0.002624
0.003334
0.006855
0.042759
0.012335
0.010721
0.001877
0.007243
0.001755
0.001817
0.002200
0.007732
0.001915
0.002059
0.007637
0.006272
0.007982
0.002847
0.012811
0.003123
0.008947
0.004420
0.009967
0.028733
0.007404
0.010897
0.001903
0.001905
0.009931
0.001852
0.001971
0.008734
0.001779
0.014361
0.001950
0.006932
0.004484
0.002062
0.007608
0.001874
0.002190
0.012701
0.011335
0.001755
0.002063
0.001807
0.007933
0.002003
0.001818
0.008834
0.002388
0.019181
0.009848
0.002953
0.010450
0.001770
0.007130
0.002279
0.001938
0.001965
0.008890
0.001898
0.001985
0.008631
0.001878
0.010467
0.006301
0.015057
0.011847
0.001916
0.014302
0.008017
0.004895
0.001775
0.012612
0.001923
0.006477
0.001965
0.003647
0.007249
0.002065
0.013697
0.015592
0.002912
0.009715
0.004066
0.001832
0.005529
0.004079
0.001921
0.027061
0.001894
0.014316
0.010786
0.003510
0.018744
0.007255
0.001807
0.001792
0.007262
0.002088
0.002326
0.006335
0.001925
0.004165
0.010304
0.001956
0.001955
0.039030
0.013012
0.013090
0.007684
0.002264
0.015113
0.007221
0.005744
0.010197
0.001810
0.001798
0.008754
0.006062
0.009741
0.043568
0.019606
0.002438
0.001892
0.022807
0.001858
0.001766
0.017357
0.006949
0.006086
0.010465
0.001839
0.018020
0.008020
0.001915
0.001809
0.022389
0.008955
0.006000
0.001855
0.001828
0.010458
0.001934
0.001856
0.009753
0.003732
0.013503
0.019919
0.014412
0.013345
0.011073
0.001734
0.002124
0.006455
0.001821
0.002132
0.011033
0.002097
0.009693
0.001851
0.011551
0.001861
0.009360
0.004399
0.001946
0.014509
0.008082
0.005425
0.009859
0.003501
0.009866
0.001952
0.004022
0.010934
0.001751
0.012542
0.019174
0.010674
0.012362
0.008821
0.004597
0.011676
0.001801
0.006991
0.007993
0.006911
0.001847
0.002728
0.010685
0.013633
0.003568
0.024394
0.009377
0.010864
0.001894
0.007431
0.001946
0.002100
0.015154
0.009273
0.006609
0.006939
0.001911
0.001920
0.012637
0.001811
0.007429
0.002089
0.010518
0.001830
0.003387
0.009543
0.001984
0.001665
0.015465
0.006697
0.002068
0.001919
0.001718
0.015635
0.006175
0.005438
0.001896
0.013213
0.007608
0.001553
0.011630
0.002016
0.001867
0.001903
0.009099
0.035955
0.028157
0.008413
0.006495
0.011847
0.014824
0.001914
0.002566
0.002232
0.010658
0.001845
0.010631
0.001856
0.015098
0.008721
0.015225
0.016905
0.002102
0.003485
0.009568
0.018921
0.008539
0.004640
0.002524
0.009970
0.001873
0.007608
0.001901
0.001961
0.016682
0.007985
0.002791
0.010591
0.001831
0.001774
0.011626
0.003581
0.004498
0.007437
0.003234
0.006222
0.003719
0.001837
0.011379
0.003397
0.009937
0.001876
0.011003
0.003267
0.010507
0.014846
0.002995
0.013627
0.001881
0.008972
0.001917
0.001787
0.011503
0.014254
0.001929
0.001879
0.007112
0.001875
0.001981
0.010505
0.012999
0.008683
0.005570
0.007394
0.006758
0.001907
0.001804
0.015481
0.010508
0.001901
0.001786
0.008945
0.002367
0.002304
0.005681
0.026197
0.011776
0.007027
0.006486
0.010584
0.001857
0.015967
0.002224
0.005335
0.001883
0.001828
0.010372
0.002528
0.001839
0.012252
0.001858
0.011310
0.002710
0.008612
0.001792
0.013093
0.001866
0.001703
0.009356
0.015982
0.001828
0.001824
0.014669
0.011860
0.014060
0.003118
0.010403
0.001866
0.001820
0.012710
0.046760
0.015368
0.002061
0.014248
0.002180
0.009943
0.001860
0.013750
0.010556
0.002663
0.002400
0.030857
0.007296
0.006010
0.009602
0.019293
0.001889
0.012775
0.001855
0.014934
0.010542
0.001795
0.011605
0.001855
0.001753
0.009055
0.002255
0.001881
0.007720
0.001826
0.022977
0.003206
0.001717
0.003940
0.007092
0.002103
0.002198
0.010961
0.002388
0.014913
0.002305
0.005872
0.001876
0.011548
0.007078
0.010437
0.002131
0.007391
0.005644
0.011366
0.001836
0.011798
0.001897
0.001747
0.008426
0.001834
0.001894
0.011699
0.002077
0.011464
0.001813
0.001855
0.009438
0.002021
0.008234
0.001905
0.001954
0.010404
0.001801
0.001991
0.009116
0.002276
0.022212
0.010892
0.010674
0.001854
0.010579
0.001842
0.002047
0.009803
0.018703
0.001838
0.006443
0.005198
0.012302
0.002058
0.010783
0.001902
0.001788
0.010039
0.001969
0.001855
0.008735
0.001859
0.001993
0.006335
0.001776
0.001767
0.010121
0.002565
0.001846
0.007181
0.001868
0.019904
0.013806
0.002086
0.006382
0.001837
0.003567
0.008932
0.001849
0.001880
0.013018
0.008970
0.002947
0.013783
0.002050
0.012104
0.001795
0.001831
0.009174
0.001861
0.045758
0.011073
0.008129
0.022181
0.014463
0.011381
0.007246
0.016093
0.001847
0.001985
0.009114
0.002424
0.010448
0.014770
0.001916
0.016476
0.009587
0.017761
0.003556
0.014681
0.010654
0.001833
0.002022
0.006226
0.003892
0.002092
0.007040
0.005548
0.010676
0.014137
0.002764
0.010319
0.001835
0.002185
0.008513
0.002332
0.010541
0.001934
0.001831
0.008716
0.001857
0.015387
0.001896
0.008196
0.006340
0.007454
0.001856
0.001811
0.009463
0.005456
0.009543
0.001860
0.010192
0.001737
0.001786
0.001799
0.015724
0.016747
0.007033
0.012070
0.001943
0.002775
0.007864
0.002066
0.002517
0.009952
0.003656
0.001905
0.007285
0.007600
0.005773
0.001809
0.001771
0.002173
0.008995
0.001753
0.008471
0.001848
0.001791
0.002086
0.006589
0.002569
0.021060
0.013114
0.011918
0.012800
0.004247
0.015109
0.010447
0.002686
0.017749
0.007539
0.002720
0.001833
0.016656
0.002307
0.001828
0.001878
0.001991
0.016531
0.009801
0.001839
0.001842
0.008873
0.002829
0.009441
0.001834
0.016951
0.001817
0.006662
0.002890
0.001827
0.001833
0.005177
0.001990
0.009702
0.003281
0.062649
0.012684
0.012095
0.007086
0.001847
0.001769
0.013049
0.009641
0.002011
0.002117
0.016148
0.014724
0.010619
0.001950
0.002124
0.008565
0.001994
0.019692
0.009342
0.001751
0.010265
0.014443
0.005256
0.007068
0.001845
0.013594
0.001845
0.011711
0.003638
0.018577
0.014960
0.007908
0.001872
0.001879
0.009233
0.004520
0.010819
0.001904
0.001829
0.008909
0.002056
0.010141
0.002133
0.001774
0.008240
0.002127
0.003778
0.011188
0.001871
0.011935
0.002218
0.010609
0.013817
0.003616
0.015682
0.009894
0.001915
0.001862
0.012116
0.002159
0.014391
0.001972
0.012027
0.010598
0.001823
0.001807
0.006217
0.001804
0.002142
0.001838
0.011431
0.001775
0.011607
0.003238
0.007246
0.002161
0.001807
0.001796
0.006357
0.002065
0.029719
0.011157
0.007665
0.002272
0.005677
0.002772
0.002093
0.007797
0.002000
0.014471
0.013947
0.001844
0.001792
0.007823
0.007736
0.006350
0.001743
0.001852
0.001853
0.009867
0.001794
0.001995
0.008924
0.002079
0.010218
0.001888
0.001796
0.009047
0.006847
0.007558
0.012864
0.002179
0.004354
0.010588
0.001854
0.008303
0.001852
0.001809
0.012420
0.002783
0.014451
0.023141
0.018703
0.009795
0.007737
0.002378
0.007437
0.001867
0.001885
0.009147
0.002029
0.013755
0.006596
0.005981
0.003202
0.002188
0.014239
0.007883
0.001827
0.001818
0.010744
0.004064
0.021729
0.010962
0.007673
0.004693
0.008428
0.001835
0.001873
0.010850
0.014402
0.001814
0.001785
0.014201
0.019870
0.006830
0.012095
0.002133
0.001824
0.002130
0.009816
0.002229
0.013398
0.002033
0.008527
0.012324
0.001836
0.001818
0.010139
0.003125
0.002652
0.007267
0.001827
0.002306
0.015947
0.010762
0.002989
0.009756
0.002578
0.002228
0.008622
0.003097
0.009727
0.002996
0.001807
0.011384
0.002800
0.013973
0.015462
0.014703
0.014287
0.002430
0.006418
0.003495
0.001972
0.011434
0.003182
0.006884
0.002289
0.001895
0.008024
0.001864
0.001887
0.001926
0.022840
0.002121
0.002926
0.009099
0.001896
0.012062
0.001989
0.001884
0.010725
0.001912
0.001836
0.024569
0.001841
0.002062
0.008646
0.002832
0.001785
0.008204
0.006430
0.011581
0.002279
0.006366
0.001839
0.010693
0.001928
0.012470
0.001950
0.002721
0.010393
0.001811
0.014660
0.001853
0.007511
0.003744
0.002198
0.010836
0.003385
0.014350
0.038342
0.026713
0.011180
0.002219
0.015025
0.010546
0.001845
0.001727
0.010770
0.015903
0.002049
0.007478
0.007181
0.007136
0.001885
0.002308
0.011090
0.001913
0.023192
0.014658
0.007491
0.001858
0.007256
0.004809
0.011194
0.014904
0.003312
0.010164
0.001832
0.010355
0.003615
0.009509
0.001862
0.001818
0.006837
0.008672
0.007190
0.003956
0.001850
0.006696
0.006965
0.009020
0.001920
0.011321
0.001831
0.003546
0.005975
0.001804
0.003571
0.008081
0.001815
0.011534
0.001741
0.002059
0.001940
0.008263
0.002192
0.012001
0.001831
0.011241
0.002119
0.001939
0.008333
0.016816
0.004247
0.011226
0.002179
0.010589
0.001828
0.011938
0.003056
0.001973
0.006211
0.001896
0.011851
0.001834
0.004523
0.007370
0.001874
0.009786
0.001882
0.002175
0.002001
0.010072
0.001849
0.022088
0.011484
0.007621
0.001930
0.001802
0.007711
0.001902
0.022384
0.008119
0.002209
0.010523
0.001874
0.001782
0.013115
0.002042
0.010700
0.003056
0.007185
0.001823
0.010282
0.002056
0.002110
0.001886
0.006907
0.001785
0.001910
0.015063
0.001858
0.006285
0.002011
0.001998
0.013296
0.001765
0.007749
0.001792
0.017862
0.010708
0.001951
0.001963
0.040868
0.015819
0.009947
0.011120
0.010242
0.001857
0.011590
0.001964
0.010807
0.001824
0.011815
0.003060
0.010098
0.002588
0.001816
0.012443
0.002573
0.006492
0.002352
0.025822
0.012716
0.009287
0.002125
0.006788
0.006096
0.006346
0.004143
0.020220
0.007446
0.001839
0.013834
0.017049
0.001788
0.010962
0.001765
0.007293
0.001852
0.001878
0.008353
0.005587
0.010868
0.001832
0.001752
0.009788
0.001897
0.001847
0.007928
0.005663
0.007818
0.002001
0.003280
0.011047
0.010801
0.002826
0.007898
0.005531
0.010935
0.002795
0.002155
0.010332
0.010392
0.003006
0.002117
0.011437
0.001921
0.010896
0.003577
0.010183
0.001852
0.001886
0.006165
0.001961
0.003052
0.009001
0.002469
0.019100
0.007852
0.001874
0.001803
0.007118
0.001967
0.002875
0.026459
0.011137
0.014856
0.010428
0.010373
0.002489
0.014959
0.010464
0.001975
0.015439
0.022202
0.003771
0.001815
0.001798
0.008836
0.002173
0.001834
0.010816
0.001738
0.001987
0.009260
0.002240
0.010118
0.018155
0.004023
0.006713
0.002193
0.001858
0.006916
0.002737
0.001804
0.011728
0.001812
0.030059
0.009362
0.001898
0.011689
0.002513
0.002386
0.015695
0.009564
0.001847
0.007040
0.002015
0.001828
0.002133
0.011614
0.009744
0.001743
0.002067
0.008692
0.018105
0.002990
0.007252
0.001813
0.001760
0.001895
0.025444
0.001856
0.002198
0.012443
0.002028
0.010954
0.001833
0.006871
0.001909
0.002688
0.007702
0.006504
0.006644
0.017735
0.002197
0.002102
0.006789
0.001864
0.001811
0.009573
0.001836
0.001766
0.007367
0.002170
0.001955
0.001948
0.015176
0.008611
0.002208
0.010409
0.001895
0.011545
0.001941
0.001925
0.009343
0.002424
0.001866
0.011484
0.009935
0.003359
0.011043
0.002491
0.002083
0.001942
0.005956
0.001848
0.016719
0.014188
0.011756
0.001872
0.001849
0.011020
0.003560
0.010256
0.001836
0.002242
0.012921
0.008923
0.012366
0.147154
0.015694
0.006775
0.014230
0.002151
0.015588
0.006853
0.001743
0.001796
0.007949
0.001811
0.001816
0.012341
0.001862
0.001884
0.008886
0.001830
0.001814
0.008783
0.001841
0.001896
0.019213
0.007928
0.001829
0.007403
0.002635
0.001799
0.033801
0.008801
0.017417
0.002532
0.011623
0.003024
0.012799
0.007215
0.002243
0.001876
0.001809
0.009354
0.001957
0.009263
0.008858
0.005997
0.001872
0.004366
0.010690
0.002670
0.010795
0.001896
0.006760
0.020846
0.009915
0.001862
0.004815
0.005940
0.001791
0.005178
0.006248
0.006850
0.005803
0.001948
0.001760
0.001956
0.009995
0.002105
0.016251
0.006539
0.005280
0.009382
0.005971
0.006989
0.006657
0.007993
0.003286
0.002512
0.006583
0.001847
0.002069
0.013621
0.011557
0.002099
0.001851
0.009104
0.002252
0.001922
0.011767
0.002346
0.010664
0.001882
0.012203
0.001886
0.001876
0.006281
0.002704
0.010402
0.001856
0.001871
0.014491
0.002067
0.007959
0.001953
0.001881
0.008417
0.002430
0.003181
0.009852
0.006156
0.008006
0.003117
0.010721
0.002081
0.001812
0.006765
0.002071
0.010894
0.003103
0.001886
0.007225
0.002638
0.001820
0.010720
0.023148
0.015693
0.010174
0.001804
0.007945
0.001921
0.013883
0.004338
0.007353
0.001827
0.018188
0.002112
0.008367
0.001998
0.001842
0.012589
0.001901
0.007813
0.002907
0.001904
0.007646
0.005707
0.007514
0.001924
0.002452
0.010834
0.001845
0.009705
0.001989
0.001917
0.010346
0.002354
0.001809
0.008115
0.001800
0.001878
0.012272
0.002937
0.040558
0.014768
0.015094
0.011552
0.010859
0.007649
0.005941
0.007984
0.006188
0.009203
0.001856
0.015289
0.009908
0.001953
0.002151
0.006672
0.002097
0.001801
0.011846
0.001824
0.025095
0.015249
0.011159
0.006852
0.006409
0.006363
0.001804
0.002286
0.015402
0.010572
0.013189
0.001854
0.001794
0.017313
0.011096
0.001868
0.008410
0.001824
0.001790
0.011444
0.001823
0.005622
0.005504
0.014111
0.001813
0.001850
0.008941
0.002045
0.001814
0.013396
0.008644
0.002536
0.002782
0.011105
0.002490
0.010079
0.002408
0.011866
0.001990
0.006642
0.001998
0.001956
0.007427
0.004715
0.002286
0.006361
0.001966
0.001802
0.011754
0.002145
0.007140
0.003252
0.001681
0.013456
0.001826
0.008983
0.002169
0.001811
0.007555
0.007413
0.010823
0.001834
0.012254
0.018638
0.017775
0.006999
0.010956
0.005175
0.001840
0.007479
0.002030
0.001837
0.015891
0.010921
0.001719
0.001923
0.006118
0.001816
0.001826
0.007217
0.004834
0.002670
0.010395
0.002080
0.006852
0.001876
0.002083
0.001870
0.026110
0.002146
0.001758
0.012994
0.007653
0.001866
0.001811
0.002766
0.010731
0.001970
0.007777
0.001898
0.003575
0.042370
0.013691
0.008441
0.006806
0.012305
0.003910
0.013850
0.003762
0.010741
0.018179
0.002085
0.006561
0.001839
0.001791
0.013931
0.002177
0.007019
0.001936
0.001818
0.008150
0.003269
0.001835
0.019688
0.005913
0.013449
0.001816
0.001772
0.013635
0.001832
0.009319
0.002489
0.003392
0.006415
0.006244
0.011039
0.013334
0.003909
0.009816
0.002005
0.012581
0.001884
0.014581
0.023899
0.010486
0.010703
0.001877
0.001813
0.006123
0.001772
0.001844
0.008963
0.004607
0.001819
0.007341
0.001833
0.001838
0.008130
0.001894
0.015541
0.018042
0.002282
0.007653
0.002481
0.010342
0.003399
0.001910
0.008048
0.001795
0.002619
0.008079
0.002140
0.014261
0.013903
0.004283
0.013290
0.001834
0.009025
0.001825
0.011383
0.003501
0.001825
0.030877
0.011593
0.001939
0.019293
0.007239
0.001812
0.001776
0.012208
0.002584
0.005977
0.001910
0.014782
0.001943
0.001736
0.009901
0.004318
0.024954
0.002049
0.010121
0.001852
0.011834
0.001875
0.001920
0.001823
0.008708
0.002194
0.012085
0.001847
0.001852
0.006127
0.001785
0.012701
0.005564
0.012440
0.001830
0.034579
0.007684
0.001871
0.014420
0.014520
0.001888
0.019542
0.008183
0.001820
0.022882
0.007611
0.008013
0.004285
0.001950
0.008246
0.002252
0.002332
0.007714
0.002156
0.002193
0.006278
0.001791
0.003972
0.019569
0.006950
0.011154
0.001902
0.001888
0.010614
0.002133
0.002020
0.008574
0.002196
0.011040
0.001953
0.001869
0.013745
0.009420
0.002135
0.001877
0.011549
0.004590
0.008496
0.002085
0.010848
0.001990
0.001786
0.007781
0.005928
0.007734
0.001757
0.001775
0.002045
0.009214
0.002126
0.009820
0.001842
0.001896
0.012360
0.011296
0.001782
0.001857
0.011188
0.004691
0.010810
0.013110
0.003740
0.011041
0.002279
0.010737
0.001759
0.001985
0.009017
0.001795
0.001883
0.007627
0.006215
0.011200
0.002840
0.010525
0.001841
0.014787
0.001953
0.005322
0.001766
0.005979
0.006529
0.001943
0.002598
0.008263
0.001806
0.001944
0.023664
0.007353
0.010540
0.001913
0.001776
0.008777
0.001801
0.015255
0.008887
0.001973
0.013461
0.001851
0.001833
0.010682
0.003768
0.010376
0.003137
0.009852
0.003764
0.002210
0.006630
0.001759
0.002077
0.008221
0.006665
0.007211
0.003076
0.003015
0.006135
0.015133
0.002189
0.001860
0.013383
0.001927
0.009630
0.001883
0.001742
0.035247
0.012329
0.010017
0.002482
0.002437
0.012123
0.007674
0.002176
0.005956
0.006011
0.002031
0.001942
0.001840
0.006275
0.021362
0.008723
0.001915
0.001794
0.010544
0.001911
0.001942
0.006811
0.004079
0.002059
0.009371
0.001804
0.001932
0.026567
0.018832
0.010431
0.002062
0.001891
0.008429
0.002520
0.001874
0.020140
0.002487
0.003255
0.002632
0.009215
0.011034
0.001908
0.002052
0.010494
0.002215
0.001987
0.012541
0.001804
0.008377
0.006421
0.010574
0.011740
0.001806
0.001834
0.010249
0.003908
0.010765
0.015111
0.001931
0.001863
0.011437
0.018144
0.011548
0.013576
0.001869
0.012892
0.002203
0.001893
0.007149
0.001992
0.001887
0.007870
0.006961
0.006655
0.002241
0.010895
0.001935
0.013994
0.001971
0.002108
0.005898
0.007357
0.008240
0.001899
0.010953
0.006461
0.026289
0.001806
0.011352
0.001844
0.012420
0.001833
0.001791
0.008842
0.002794
0.010473
0.001821
0.001770
0.007866
0.051110
0.007269
0.010009
0.002343
0.007047
0.002288
0.001819
0.009234
0.001785
0.003430
0.013667
0.018889
0.007807
0.001821
0.021549
0.034720
0.007939
0.021441
0.011914
0.007923
0.001777
0.007909
0.001617
0.005759
0.006266
0.002390
0.002314
0.011487
0.011479
0.005449
0.014012
0.011318
0.001916
0.001948
0.007616
0.001785
0.002058
0.022150
0.013645
0.010584
0.008781
0.001932
0.001803
0.009828
0.004539
0.009405
0.001849
0.001912
0.007704
0.002109
0.002073
0.009350
0.001774
0.001843
0.014292
0.001855
0.009012
0.002181
0.002103
0.007456
0.001854
0.023138
0.011249
0.014884
0.010221
0.001857
0.027244
0.007523
0.007502
0.001897
0.002097
0.010459
0.013645
0.003818
0.010219
0.001946
0.001804
0.009517
0.001803
0.014382
0.010678
0.002066
0.002287
0.007437
0.003658
0.010883
0.005928
0.010552
0.002017
0.011599
0.001835
0.009390
0.002205
0.011474
0.002078
0.001899
0.024758
0.007154
0.009913
0.001783
0.010795
0.002072
0.001975
0.009062
0.001822
0.001840
0.008306
0.002027
0.003202
0.006775
0.001772
0.014319
0.001796
0.021795
0.009165
0.010025
0.001919
0.001784
0.006705
0.002113
0.007798
0.002128
0.001784
0.016428
0.001967
0.007116
0.002208
0.003562
0.014241
0.007545
0.001683
0.006254
0.040211
0.008447
0.011429
0.010601
0.002573
0.008994
0.015043
0.001887
0.001808
0.008806
0.003123
0.002005
0.007459
0.006894
0.007684
0.002032
0.002172
0.013701
0.001846
0.008877
0.001800
0.001854
0.007365
0.003380
0.026341
0.010281
0.007439
0.001825
0.010217
0.003543
0.010017
0.003783
0.001874
0.006813
0.006674
0.007042
0.014197
0.001886
0.014534
0.003963
0.010289
0.002936
0.001830
0.011012
0.010911
0.001723
0.001765
0.008396
0.002153
0.001789
0.012079
0.002063
0.010261
0.001804
0.010544
0.006195
0.007252
0.001927
0.001736
0.013876
0.010943
0.003391
0.001976
0.014556
0.007551
0.004506
0.007511
0.005464
0.013956
0.001834
0.007162
0.001856
0.011227
0.001931
0.001799
0.008315
0.001879
0.003074
0.009040
0.001833
0.001860
0.010550
0.003481
0.007226
0.002234
0.001892
0.001969
0.006271
0.001700
0.002037
0.002237
0.033314
0.007980
0.001885
0.007725
0.002213
0.002763
0.013468
0.011308
0.001948
0.001801
0.008952
0.001779
0.002449
0.010034
0.014795
0.001825
0.001773
0.007536
0.001825
0.002184
0.009980
0.001874
0.002149
0.008064
0.001784
0.001873
0.008602
0.002138
0.002050
0.007966
0.002179
0.001755
0.010956
0.003537
0.010294
0.001848
0.002077
0.005959
0.001857
0.001818
0.009441
0.025480
0.023957
0.010790
0.014517
0.007354
0.002919
0.006016
0.001809
0.010863
0.002223
0.001763
0.008279
0.001858
0.001836
0.002071
0.010091
0.001798
0.002149
0.011398
0.010575
0.001764
0.001825
0.008652
0.021472
0.012271
0.002048
0.015861
0.008189
0.001834
0.003275
0.010080
0.002377
0.001774
0.007359
0.002560
0.001922
0.026469
0.001820
0.015549
0.002137
0.008014
0.012949
0.006483
0.008588
0.004951
0.008353
0.006906
0.006722
0.001793
0.001934
0.002190
0.008794
0.011674
0.005397
0.013536
0.001798
0.008151
0.017834
0.004344
0.013441
0.011510
0.001827
0.002082
0.012197
0.009513
0.001943
0.001881
0.009703
0.004109
0.012073
0.003723
0.014123
0.010836
0.003081
0.010307
0.001828
0.002112
0.006292
0.001854
0.013272
0.029037
0.006811
0.010794
0.001881
0.012135
0.001773
0.001846
0.007976
0.001851
0.001800
0.012900
0.003922
0.006271
0.001994
0.001841
0.011646
0.002925
0.010396
0.001863
0.010892
0.001938
0.001820
0.009768
0.005366
0.007588
0.027021
0.011117
0.010460
0.001888
0.011302
0.014151
0.035737
0.015303
0.020973
0.014942
0.006773
0.001861
0.002767
0.011116
0.009438
0.002008
0.001802
0.001837
0.009826
0.001871
0.017772
0.013344
0.010338
0.031411
0.007868
0.015427
0.010812
0.011527
0.001785
0.002231
0.008699
0.002250
0.001851
0.011896
0.002668
0.007498
0.002089
0.002150
0.011751
0.001901
0.010927
0.002145
0.010306
0.003778
0.013727
0.002047
0.005952
0.001840
0.010358
0.002238
0.001819
0.001812
0.008000
0.005438
0.010412
0.001833
0.001798
0.006763
0.001795
0.002007
0.013863
0.001896
0.008874
0.002159
0.001862
0.011716
0.002454
0.008348
0.004671
0.007664
0.001822
0.002901
0.010772
0.001865
0.011746
0.001833
0.001972
0.008960
0.001903
0.001832
0.015496
0.013072
0.002399
0.006470
0.001810
0.013395
0.001832
0.001920
0.009389
0.001951
0.017426
0.020991
0.010210
0.010435
0.001813
0.011652
0.003029
0.010814
0.001884
0.001813
0.008976
0.001815
0.001945
0.007288
0.001949
0.003993
0.011063
0.002268
0.014848
0.010496
0.002261
0.007524
0.002226
0.001999
0.011086
0.001957
0.011834
0.002016
0.001753
0.008267
0.002230
0.015136
0.001960
0.010521
0.001819
0.002140
0.040542
0.006906
0.015927
0.008948
0.014276
0.001828
0.011693
0.002098
0.002261
0.006726
0.004017
0.013466
0.003958
0.006834
0.002011
0.019318
0.010296
0.001860
0.002093
0.006315
0.004543
0.013504
0.016944
0.013033
0.003249
0.010577
0.002162
0.010447
0.014466
0.003285
0.008673
0.002057
0.016679
0.001852
0.008764
0.002636
0.002025
0.007342
0.002689
0.001785
0.019226
0.007038
0.001862
0.011639
0.002175
0.001791
0.008441
0.001869
0.002143
0.007433
0.005697
0.011027
0.002316
0.001821
0.006450
0.004024
0.008847
0.001957
0.002811
0.009075
0.001812
0.011117
0.015216
0.017869
0.003191
0.010221
0.001823
0.001785
0.008455
0.001834
0.002159
0.008635
0.001858
0.003872
0.011218
0.001784
0.008074
0.001935
0.002157
0.007497
0.001838
0.002105
0.015613
0.010501
0.001781
0.001818
0.007404
0.001904
0.019618
0.015410
0.011035
0.002089
0.014904
0.010112
0.002324
0.010192
0.003090
0.001948
0.006882
0.001872
0.004253
0.005973
0.001878
0.003530
0.008374
0.001714
0.001917
0.011053
0.001840
0.001910
0.009634
0.002012
0.001964
0.005959
0.001865
0.002202
0.007698
0.002950
0.001804
0.007830
0.001870
0.001845
0.013223
0.010976
0.002005
0.001832
0.001784
0.008807
0.032980
0.006760
0.010745
0.011677
0.001844
0.015274
0.010909
0.001897
0.001770
0.008294
0.001818
0.015511
0.009737
0.001870
0.001817
0.002150
0.009547
0.011023
0.001994
0.001808
0.001822
0.009415
0.001971
0.002141
0.007770
0.001913
0.031002
0.010817
0.002364
0.002039
0.010763
0.003546
0.009965
0.001877
0.002194
0.014495
0.012654
0.001966
0.007744
0.001806
0.002176
0.009945
0.002026
0.001858
0.010139
0.001908
0.007906
0.001907
0.001828
0.001874
0.006632
0.001868
0.013060
0.001869
0.001805
0.008549
0.001879
0.001949
0.001901
0.005888
0.002540
0.001786
0.014870
0.010183
0.002698
0.010491
0.005554
0.007998
0.002290
0.002006
0.007651
0.001821
0.014522
0.003774
0.007091
0.001829
0.002042
0.015645
0.011170
0.002143
0.010327
0.002974
0.001895
0.007116
0.001876
0.001866
0.006710
0.002138
0.015100
0.002128
0.001930
0.006519
0.002044
0.001801
0.009115
0.004546
0.030241
0.007436
0.002006
0.001838
0.002522
0.015061
0.010474
0.001755
0.001796
0.009959
0.001796
0.011121
0.001913
0.001990
0.012114
0.001838
0.008233
0.001892
0.001863
0.016531
0.006870
0.001936
0.001783
0.001855
0.006784
0.001809
0.002012
0.009511
0.002068
0.014341
0.001879
0.007921
0.003422
0.017855
0.010272
0.031786
0.007262
0.016244
0.008275
0.018152
0.010725
0.002991
0.014514
0.014227
0.003244
0.006180
0.002195
0.010817
0.014788
0.001948
0.001959
0.012177
0.001808
0.001851
0.006912
0.030860
0.011197
0.007778
0.002068
0.010678
0.002161
0.009774
0.001877
0.011443
0.004194
0.009125
0.001976
0.016284
0.001938
0.010698
0.011188
0.002927
0.002023
0.016128
0.009070
0.014023
0.003141
0.010407
0.001975
0.003363
0.007056
0.002017
0.001762
0.015835
0.007786
0.001871
0.001844
0.014417
0.001832
0.012115
0.009658
0.001899
0.008460
0.003601
0.013476
0.001821
0.012199
0.001773
0.001993
0.008774
0.001865
0.001980
0.013281
0.008681
0.003545
0.001880
0.007746
0.006513
0.010771
0.014388
0.001838
0.012007
0.004587
0.025185
0.010901
0.010664
0.010967
0.002155
0.010964
0.001811
0.007092
0.002430
0.001749
0.001729
0.006200
0.001745
0.002212
0.001947
0.006248
0.001892
0.004336
0.024779
0.001847
0.001910
0.006695
0.001840
0.001789
0.001895
0.009524
0.016210
0.001909
0.007641
0.002018
0.001788
0.001918
0.007316
0.001833
0.002021
0.006987
0.002650
0.041586
0.008701
0.017508
0.007977
0.004701
0.015223
0.011826
0.002037
0.007168
0.001977
0.002175
0.013620
0.002127
0.012513
0.002206
0.014636
0.007341
0.002343
0.001870
0.014657
0.001892
0.008591
0.001885
0.027073
0.009473
0.007025
0.004106
0.006187
0.001851
0.001839
0.002266
0.008479
0.002403
0.014285
0.022635
0.001915
0.004648
0.001893
0.008148
0.001879
0.001797
0.008586
0.002112
0.003214
0.010919
0.002365
0.010184
0.001841
0.001923
0.009039
0.001949
0.002225
0.008136
0.002134
0.001812
0.008475
0.002007
0.002896
0.007417
0.001786
0.002025
0.010888
0.001800
0.001981
0.009569
0.002058
0.001860
0.012472
0.009276
0.001883
0.020115
0.006639
0.001832
0.011403
0.001829
0.002051
0.006896
0.002074
0.002130
0.001841
0.009116
0.002177
0.001868
0.007532
0.002156
0.003660
0.009778
0.002952
0.011575
0.002326
0.011203
0.002036
0.011254
0.001835
0.022238
0.008404
0.002045
0.006926
0.001845
0.001779
0.020381
0.007873
0.002082
0.006252
0.001800
0.011115
0.005374
0.009251
0.001760
0.001849
0.008055
0.001782
0.001844
0.011633
0.015076
0.002095
0.007227
0.001973
0.002096
0.001934
0.012830
0.009484
0.001850
0.002037
0.008184
0.002123
0.001916
0.007961
0.006364
0.010719
0.051193
0.008850
0.001776
0.015000
0.001850
0.012548
0.001975
0.001910
0.008747
0.002656
0.016844
0.006887
0.001853
0.002028
0.007973
0.006944
0.006716
0.002188
0.003077
0.007146
0.005585
0.010503
0.001820
0.001780
0.031525
0.011638
0.001905
0.008078
0.001831
0.010376
0.001939
0.001783
0.012813
0.001837
0.007608
0.002301
0.001919
0.010983
0.006701
0.007931
0.001959
0.011066
0.005741
0.010624
0.001857
0.007923
0.014484
0.001816
0.001824
0.001871
0.006453
0.001798
0.001789
0.009099
0.003124
0.001918
0.012968
0.007302
0.001985
0.003989
0.010988
0.001845
0.002111
0.005959
0.001846
0.002081
0.007185
0.005353
0.014745
0.001859
0.008299
0.001985
0.002267
0.011551
0.002200
0.011055
0.001997
0.008303
0.001667
0.013857
0.001790
0.001792
0.008819
0.001886
0.001816
0.007858
0.005963
0.014868
0.012707
0.002015
0.033272
0.008218
0.001850
0.010098
0.005969
0.008604
0.001856
0.001858
0.010918
0.005125
0.008343
0.001794
0.002069
0.008109
0.001875
0.002025
0.008111
0.002392
0.012732
0.004705
0.007205
0.001840
0.002080
0.007042
0.017107
0.002064
0.001871
0.009176
0.002264
0.001850
0.003702
0.001839
0.002166
0.001777
0.006333
0.002169
0.001873
0.008627
0.002720
0.029912
0.007324
0.022206
0.010811
0.007101
0.015030
0.001875
0.007967
0.001836
0.002033
0.010771
0.002892
0.006184
0.003190
0.001845
0.001825
0.008895
0.001795
0.018294
0.012415
0.010173
0.001827
0.003402
0.024847
0.007215
0.007146
0.001972
0.011470
0.003426
0.015032
0.001772
0.011714
0.011903
0.001911
0.013693
0.003374
0.009719
0.001822
0.001864
0.002155
0.006979
0.006125
0.006650
0.001889
0.019141
0.010627
0.002351
0.010134
0.013438
0.001838
0.001845
0.013658
0.001827
0.016240
0.008166
0.006506
0.009594
0.014098
0.001827
0.001943
0.013532
0.010193
0.001900
0.001816
0.007940
0.001811
0.001741
0.002629
0.009501
0.002660
0.010375
0.019262
0.009454
0.003586
0.001820
0.007084
0.001923
0.014737
0.001868
0.008994
0.002369
0.002853
0.007032
0.023089
0.008530
0.003846
0.001876
0.006962
0.002133
0.011354
0.001834
0.001839
0.016427
0.008432
0.001810
0.001768
0.008426
0.001898
0.001854
0.011074
0.014736
0.014375
0.002412
0.001853
0.016536
0.010406
0.014276
0.001876
0.001869
0.007016
0.015512
0.003856
0.001738
0.011744
0.035020
0.006690
0.018019
0.001869
0.001900
0.008476
0.004521
0.018270
0.009618
0.001860
0.014281
0.002029
0.008014
0.005012
0.009397
0.001878
0.012006
0.001838
0.001717
0.008068
0.001866
0.002107
0.012187
0.002012
0.027276
0.011225
0.010675
0.007020
0.002007
0.001966
0.007512
0.001784
0.003691
0.009582
0.001850
0.016602
0.007745
0.001919
0.012962
0.002185
0.001778
0.009087
0.001874
0.001781
0.008513
0.002053
0.001799
0.010544
0.015943
0.001817
0.001911
0.007029
0.001897
0.002035
0.007808
0.001865
0.001805
0.008702
0.001996
0.004348
0.010672
0.002569
0.010448
0.002136
0.015794
0.007344
0.002070
0.001814
0.014484
0.001975
0.007663
0.001902
0.004016
0.009819
0.003842
0.011155
0.002010
0.010671
0.001990
0.010603
0.002690
0.001817
0.011975
0.001872
0.007091
0.001976
0.002129
0.007981
0.001962
0.002017
0.017532
0.009738
0.021911
0.009520
0.001954
0.008602
0.018069
0.003351
0.009588
0.010818
0.002116
0.002001
0.011990
0.002224
0.001820
0.007249
0.004195
0.001916
0.009703
0.001779
0.007831
0.001644
0.001836
0.013144
0.002232
0.007586
0.001872
0.002334
0.006914
0.002262
0.002495
0.010493
0.001828
0.001959
0.009061
0.001841
0.001995
0.012399
0.043149
0.014373
0.002525
0.002915
0.001868
0.007950
0.005464
0.006679
0.005906
0.007127
0.001852
0.014989
0.002009
0.001845
0.009505
0.002030
0.009949
0.002076
0.012033
0.003362
0.001763
0.008137
0.002019
0.001834
0.007576
0.001977
0.013989
0.025312
0.012238
0.007272
0.001799
0.001898
0.008563
0.005700
0.010653
0.002194
0.015901
0.009988
0.002144
0.002035
0.008642
0.001934
0.001808
0.008643
0.005251
0.006396
0.006298
0.007430
0.004086
0.012149
0.001825
0.001831
0.009934
0.001937
0.001856
0.007834
0.001763
0.002134
0.009681
0.010647
0.002039
0.002046
0.017751
0.006954
0.013273
0.002188
0.001797
0.001933
0.002275
0.002283
0.010496
0.001908
0.002065
0.008454
0.002344
0.014892
0.011227
0.002010
0.002619
0.009974
0.001901
0.011448
0.001805
0.001829
0.009219
0.001830
0.001790
0.008816
0.006566
0.012931
0.008372
0.022553
0.013359
0.002177
0.008333
0.002255
0.002127
0.007941
0.001848
0.001981
0.007110
0.001711
0.011752
0.002524
0.001944
0.010520
0.003775
0.009738
0.002053
0.001842
0.009222
0.001858
0.010047
0.003925
0.001856
0.007340
0.001796
0.003567
0.014660
0.014246
0.019310
0.010208
0.003166
0.006382
0.001831
0.001782
0.032316
0.028132
0.007046
0.010742
0.007920
0.001830
0.001823
0.012297
0.003845
0.010136
0.001931
0.010932
0.002012
0.002095
0.008190
0.017237
0.015221
0.001826
0.007958
0.001840
0.001814
0.002175
0.009440
0.027334
0.009944
0.008178
0.012263
0.001886
0.001841
0.012442
0.002961
0.015718
0.007863
0.001878
0.001811
0.011594
0.002916
0.002236
0.007477
0.002404
0.002522
0.006707
0.001733
0.002000
0.009932
0.001906
0.001826
0.006642
0.015566
0.001899
0.002021
0.011405
0.003003
0.009883
0.003705
0.002145
0.010002
0.010811
0.001951
0.001821
0.013563
0.001983
0.010542
0.001805
0.002079
0.008238
0.002542
0.002229
0.021735
0.001849
0.001820
0.009200
0.003315
0.001796
0.014976
0.015720
0.010296
0.001883
0.011622
0.006965
0.006201
0.001923
0.012183
0.002649
0.001875
0.011997
0.002734
0.022585
0.007003
0.009930
0.001957
0.001831
0.009010
0.002345
0.009837
0.001813
0.001928
0.013718
0.002590
0.010832
0.014123
0.015093
0.002062
0.001780
0.007840
0.001851
0.001972
0.008676
0.001874
0.001957
0.016011
0.007765
0.005451
0.010398
0.001779
0.001839
0.009792
0.001804
0.002354
0.007035
0.001803
0.001851
0.030511
0.010596
0.012553
0.002569
0.009917
0.003251
0.001825
0.008481
0.014586
0.001943
0.002285
0.012023
0.013692
0.012062
0.005952
0.001944
0.007607
0.002222
0.001845
0.006237
0.002188
0.001855
0.011014
0.008219
0.002740
0.001789
0.003777
0.025894
0.002901
0.010146
0.003043
0.001896
0.006599
0.002103
0.001884
0.016499
0.025982
0.001849
0.010614
0.003775
0.012850
0.001856
0.009254
0.006023
0.006642
0.002726
0.002178
0.007401
0.002863
0.002672
0.014457
0.010767
0.002010
0.009628
0.001873
0.001798
0.007132
0.002211
0.001866
0.008125
0.002051
0.001885
0.009810
0.001994
0.001899
0.010958
0.003218
0.014505
0.007619
0.002107
0.001933
0.010834
0.001922
0.001810
0.010971
0.013326
0.002108
0.001871
0.007181
0.001757
0.014834
0.002305
0.001934
0.012409
0.001909
0.007995
0.002088
0.014380
0.001724
0.011710
0.001951
0.026681
0.015803
0.008239
0.017168
0.013569
0.007620
0.014065
0.003535
0.010148
0.001786
0.001795
0.009111
0.001832
0.015241
0.009153
0.001817
0.001806
0.002126
0.025155
0.003723
0.011019
0.001855
0.009869
0.003936
0.009201
0.044496
0.014894
0.013412
0.007389
0.001853
0.010207
0.001793
0.001846
0.010177
0.001811
0.001994
0.014702
0.012160
0.018381
0.009735
0.002635
0.002078
0.015334
0.007466
0.002014
0.003253
0.007785
0.001736
0.028858
0.011943
0.007210
0.009295
0.001853
0.001833
0.008624
0.003138
0.003875
0.010158
0.002275
0.007489
0.001896
0.002008
0.001875
0.006030
0.001836
0.001991
0.001920
0.005424
0.001940
0.002303
0.008380
0.001791
0.002240
0.012329
0.011265
0.001858
0.001768
0.011328
0.001828
0.010574
0.004374
0.008004
0.001852
0.011694
0.002444
0.001813
0.009532
0.001899
0.010752
0.003624
0.001855
0.007994
0.002556
0.002094
0.006912
0.002200
0.001776
0.002080
0.009512
0.002180
0.011220
0.001852
0.001798
0.012732
0.010543
0.002097
0.001847
0.015044
0.008189
0.001865
0.002311
0.010380
0.001898
0.001804
0.008321
0.003483
0.001949
0.023759
0.001915
0.001841
0.031898
0.006918
0.001994
0.003763
0.013880
0.002184
0.009496
0.001794
0.013957
0.001879
0.011664
0.001852
0.010545
0.003558
0.009884
0.001804
0.002101
0.009267
0.001825
0.017572
0.007859
0.001957
0.010287
0.019870
0.001929
0.007551
0.002037
0.014148
0.001811
0.001821
0.029448
0.008126
0.001851
0.016262
0.001887
0.012990
0.001997
0.001892
0.025399
0.002117
0.008793
0.001877
0.001914
0.001895
0.010263
0.002222
0.009434
0.001901
0.001789
0.015915
0.008789
0.005386
0.008375
0.001999
0.009917
0.002108
0.001778
0.001854
0.032091
0.008285
0.001736
0.011745
0.001810
0.001703
0.008351
0.003717
0.001930
0.015482
0.010489
0.001933
0.011000
0.004925
0.008956
0.001937
0.009605
0.018275
0.002348
0.008185
0.001814
0.001792
0.012409
0.004799
0.008882
0.003005
0.006611
0.002466
0.002196
0.002024
0.006001
0.002166
0.004778
0.007117
0.002666
0.002283
0.007008
0.001910
0.001896
0.013050
0.002653
0.010125
0.014215
0.005862
0.006365
0.002017
0.001816
0.010472
0.002287
0.001833
0.011828
0.014703
0.001956
0.007229
0.005650
0.010844
0.002093
0.009969
0.001871
0.002234
0.012315
0.001884
0.012463
0.002203
0.028368
0.001807
0.010068
0.002456
0.011193
0.001931
0.001969
0.008090
0.002543
0.002688
0.006953
0.001859
0.001985
0.006829
0.001948
0.012202
0.005902
0.026581
0.004334
0.009755
0.001823
0.002137
0.011639
0.002351
0.006721
0.001938
0.001754
0.007525
0.001884
0.001766
0.001718
0.006922
0.006048
0.007663
0.003530
0.031689
0.015179
0.011840
0.002715
0.001942
0.013999
0.009831
0.001985
0.012244
0.001933
0.001781
0.010876
0.002009
0.008030
0.001780
0.011814
0.003022
0.002293
0.007828
0.001821
0.001843
0.010676
0.001846
0.001732
0.009603
0.001913
0.002121
0.054919
0.016196
0.014038
0.007402
0.009420
0.014794
0.007361
0.004467
0.001997
0.001794
0.002081
0.009298
0.001751
0.010447
0.003721
0.001883
0.010746
0.002071
0.011952
0.001916
0.011138
0.002598
0.015092
0.011524
0.001857
0.001839
0.005745
0.001863
0.002564
0.013755
0.001787
0.008714
0.002123
0.014998
0.001975
0.001952
0.017289
0.012880
0.004115
0.011137
0.002438
0.009720
0.001922
0.004026
0.006198
0.001849
0.001994
0.008057
0.003243
0.002100
0.008123
0.001894
0.002253
0.001757
0.008944
0.001841
0.008254
0.001928
0.001894
0.002265
0.011984
0.002243
0.021921
0.001769
0.001753
0.012591
0.001991
0.001838
0.025885
0.001929
0.001866
0.012380
0.002741
0.011046
0.009389
0.001943
0.001960
0.008424
0.001863
0.002012
0.001982
0.008861
0.002978
0.009814
0.002026
0.015832
0.001938
0.008900
0.001799
0.001744
0.007866
0.001925
0.001795
0.011290
0.001790
0.001894
0.009978
0.002181
0.001929
0.044347
0.010357
0.005914
0.008764
0.001799
0.011917
0.001980
0.013676
0.001853
0.001747
0.008977
0.001833
0.001789
0.008646
0.002424
0.002010
0.007424
0.002848
0.001917
0.006661
0.001978
0.002113
0.012237
0.002033
0.001942
0.006954
0.001834
0.001793
0.011009
0.004543
0.037075
0.008747
0.014509
0.013516
0.011509
0.001958
0.001984
0.007743
0.002813
0.002141
0.011102
0.010408
0.002551
0.002023
0.015566
0.009513
0.003909
0.001835
0.005996
0.002249
0.003365
0.005898
0.002033
0.001836
0.011573
0.001820
0.011607
0.003899
0.010726
0.002412
0.009979
0.002039
0.001997
0.013151
0.001917
0.010326
0.002060
0.011984
0.002248
0.012649
0.002456
0.006917
0.001921
0.001949
0.010976
0.001826
0.010575
0.003810
0.001822
0.008183
0.001876
0.001782
0.012064
0.018207
0.010501
0.001907
0.001818
0.005960
0.001799
0.001847
0.014618
0.027422
0.009917
0.010724
0.010507
0.001831
0.001886
0.009134
0.002340
0.011694
0.001857
0.009652
0.001845
0.011277
0.002968
0.002453
0.007190
0.005351
0.010703
0.001794
0.001851
0.008828
0.002619
0.009635
0.001869
0.001784
0.006595
0.020553
0.001848
0.011210
0.003559
0.007241
0.002076
0.002967
0.038775
0.021092
0.013020
0.008962
0.015774
0.010892
0.010962
0.001818
0.001982
0.007931
0.001827
0.001814
0.008769
0.001921
0.001819
0.018567
0.007593
0.003143
0.010511
0.001886
0.001861
0.013059
0.002077
0.006916
0.020798
0.011748
0.001824
0.011670
0.003556
0.010412
0.001814
0.001852
0.009099
0.001789
0.010920
0.001829
0.001821
0.011313
0.005321
0.006634
0.005730
0.015242
0.019016
0.007687
0.012835
0.001957
0.004642
0.005806
0.001789
0.003771
0.007095
0.006122
0.014694
0.009972
0.002951
0.006343
0.001979
0.002778
0.010468
0.002328
0.001848
0.008881
0.001881
0.001827
0.015148
0.009387
0.005211
0.013793
0.015294
0.001856
0.012284
0.011075
0.003340
0.009887
0.001837
0.001815
0.011067
0.003334
0.009914
0.001862
0.001789
0.008863
0.001837
0.001751
0.009363
0.003129
0.014987
0.002102
0.006767
0.001884
0.001792
0.011930
0.001783
0.020201
0.010813
0.013867
0.001964
0.007873
0.001850
0.001821
0.002040
0.011195
0.011801
0.003934
0.018336
0.010881
0.011098
0.001824
0.001730
0.007244
0.001984
0.001939
0.002107
0.006239
0.006648
0.007992
0.001869
0.001932
0.038292
0.007273
0.014117
0.001863
0.008158
0.002854
0.002018
0.011105
0.001795
0.012586
0.002173
0.009740
0.012669
0.001868
0.001900
0.001994
0.007256
0.001922
0.003635
0.007458
0.002286
0.014728
0.001825
0.010562
0.001985
0.001839
0.013222
0.002200
0.011375
0.019147
0.010282
0.003066
0.010468
0.002915
0.010018
0.003345
0.010550
0.001822
0.001820
0.008907
0.002325
0.002283
0.006483
0.002392
0.019713
0.014492
0.010826
0.013609
0.001914
0.001951
0.008791
0.001814
0.004396
0.007112
0.001798
0.001941
0.007124
0.001970
0.002158
0.001855
0.012176
0.011871
0.002219
0.001889
0.006592
0.002162
0.011331
0.002137
0.001896
0.011606
0.015169
0.002922
0.010771
0.002236
0.009538
0.001859
0.001815
0.013524
0.002027
0.006106
0.003647
0.001977
0.008129
0.004536
0.007851
0.003034
0.001816
0.011549
0.002564
0.010765
0.001861
0.001874
0.008974
0.001830
0.002249
0.006365
0.001950
0.001913
0.018141
0.009415
0.001780
0.007690
0.001800
0.015630
0.001917
0.011562
0.013103
0.001808
0.001893
0.008660
0.003242
0.001827
0.007974
0.001839
0.002224
0.008132
0.002009
0.011221
0.002102
0.003186
0.018288
0.019201
0.010925
0.010219
0.001917
0.011683
0.001808
0.047502
0.019515
0.010498
0.011010
0.006321
0.010759
0.001848
0.001819
0.012676
0.009480
0.003610
0.002023
0.008149
0.001740
0.002124
0.006627
0.002160
0.004302
0.011113
0.002119
0.011271
0.002025
0.013956
0.001853
0.006891
0.002016
0.001942
0.028239
0.004055
0.010857
0.002073
0.010230
0.002396
0.001862
0.022366
0.001986
0.005402
0.006613
0.006557
0.007409
0.002206
0.001750
0.011305
0.001774
0.011270
0.001816
0.001754
0.009955
0.002628
0.002024
0.007967
0.001858
0.001843
0.008637
0.001794
0.002223
0.008244
0.001925
0.002042
0.015741
0.010263
0.001854
0.002419
0.008059
0.011589
0.002111
0.001843
0.015543
0.001910
0.011354
0.012995
0.001786
0.001771
0.010326
0.014274
0.011885
0.002091
0.002233
0.001905
0.008391
0.002092
0.001830
0.011003
0.001814
0.007370
0.007560
0.009446
0.003846
0.012936
0.002108
0.009253
0.001839
0.001953
0.020360
0.007084
0.001951
0.007242
0.001796
0.002909
0.015385
0.006954
0.001832
0.002148
0.010567
0.001922
0.001841
0.008892
0.006288
0.006093
0.002084
0.001828
0.012165
0.001944
0.001813
0.009826
0.001786
0.010066
0.001895
0.001858
0.008661
0.001878
0.014598
0.001972
0.007172
0.002448
0.003110
0.006839
0.001790
0.035614
0.007338
0.001791
0.002129
0.018167
0.007358
0.001847
0.003523
0.006299
0.001813
0.001975
0.007476
0.001907
0.002969
0.001885
0.013307
0.009307
0.001874
0.002110
0.013216
0.023728
0.009192
0.010565
0.002124
0.008746
0.001967
0.004342
0.007520
0.001873
0.022384
0.011222
0.010719
0.003025
0.010881
0.003079
0.009258
0.001830
0.002079
0.009127
0.012187
0.002268
0.002391
0.001945
0.005804
0.006988
0.008750
0.001926
0.001989
0.010158
0.018588
0.009786
0.001846
0.002162
0.009278
0.001843
0.001946
0.013123
0.001890
0.014824
0.007776
0.001859
0.013033
0.001890
0.001977
0.009495
0.011261
0.006087
0.009712
0.001887
0.001772
0.007528
0.001883
0.001897
0.001891
0.006629
0.002500
0.001875
0.007061
0.006667
0.006655
0.017461
0.001878
0.001785
0.009366
0.001842
0.011028
0.001976
0.001849
0.012619
0.002246
0.013217
0.008153
0.001872
0.002189
0.001734
0.033735
0.006996
0.001950
0.001760
0.010343
0.002042
0.015113
0.009858
0.001849
0.001819
0.147690
0.042338
0.023540
0.010266
0.002740
0.007007
0.006079
0.016475
0.009322
0.001815
0.010859
0.003003
0.001815
0.006102
0.006033
0.012890
0.001977
0.008165
0.001884
0.001825
0.007596
0.001822
0.001786
0.002055
0.011651
0.001938
0.008889
0.002242
0.001876
0.033130
0.009256
0.001827
0.011449
0.001717
0.011397
0.001854
0.002011
0.010676
0.012339
0.001820
0.011337
0.002546
0.001916
0.011684
0.002226
0.007274
0.001832
0.002198
0.010876
0.001992
0.001816
0.009385
0.001802
0.001836
0.006417
0.001848
0.003334
0.023532
0.002058
0.004408
0.010361
0.001805
0.008091
0.002435
0.002227
0.010023
0.001809
0.001824
0.009954
0.001750
0.002222
0.011571
0.010848
0.001937
0.001921
0.008084
0.005306
0.006900
0.002383
0.014759
0.002185
0.001825
0.008918
0.001996
0.001857
0.006898
0.002079
0.001662
0.001815
0.007832
0.004466
0.011996
0.001865
0.010894
0.001964
0.011487
0.001797
0.001869
0.024168
0.008020
0.006751
0.001796
0.013855
0.003264
0.012748
0.001848
0.009860
0.021489
0.006806
0.007349
0.007255
0.001776
0.003127
0.010920
0.013711
0.002499
0.010681
0.001826
0.015732
0.001789
0.008386
0.002024
0.001995
0.007097
0.001813
0.001951
0.037936
0.018778
0.016572
0.010313
0.011427
0.012272
0.002134
0.009383
0.002508
0.010383
0.001866
0.011286
0.001818
0.010245
0.001915
0.001944
0.008737
0.006130
0.008280
0.001921
0.002243
0.015354
0.011183
0.002254
0.032789
0.009385
0.001879
0.013662
0.001842
0.001907
0.010577
0.001858
0.001882
0.009179
0.002797
0.010428
0.001859
0.001750
0.008775
0.002741
0.009115
0.003776
0.001869
0.007462
0.002047
0.002195
0.010593
0.003596
0.006474
0.006400
0.001963
0.008267
0.001884
0.009215
0.001898
0.004537
0.014657
0.014073
0.010494
0.014676
0.002858
0.009882
0.002935
0.001819
0.005827
0.001764
0.002223
0.008751
0.001785
0.001754
0.008756
0.001948
0.004324
0.010686
0.014535
0.001877
0.011595
0.005262
0.008921
0.001838
0.001830
0.010428
0.001793
0.001812
0.006256
0.005342
0.015154
0.009448
0.002137
0.032451
0.007711
0.002020
0.001834
0.001771
0.008191
0.001871
0.015923
0.001909
0.010733
0.011788
0.001997
0.005611
0.006016
0.001805
0.002072
0.001863
0.007104
0.002453
0.009745
0.001965
0.001821
0.001838
0.013693
0.007464
0.006022
0.013925
0.013354
0.002039
0.009089
0.002192
0.001869
0.039378
0.021669
0.011734
0.002104
0.001867
0.008133
0.002088
0.001573
0.007797
0.001847
0.001822
0.002012
0.012841
0.011840
0.001829
0.001829
0.006886
0.001800
0.001825
0.007429
0.002105
0.016452
0.001931
0.008342
0.006197
0.011074
0.001886
0.010683
0.001811
0.001813
0.025368
0.003032
0.001996
0.006649
0.003473
0.001829
0.006625
0.007121
0.011374
0.001865
0.010195
0.002044
0.011304
0.003277
0.013164
0.011434
0.001892
0.001828
0.007206
0.002056
0.002023
0.012202
0.001909
0.002100
0.008999
0.001872
0.019642
0.010669
0.002166
0.007623
0.006294
0.006292
0.001836
0.002132
0.007191
0.001818
0.002030
0.011199
0.001835
0.012769
0.002274
0.001869
0.008444
0.001912
0.003318
0.009479
0.011798
0.001915
0.003591
0.007655
0.001819
0.001999
0.020780
0.015755
