0.001507
0.001637
0.001598
0.010114
0.001507
0.001885
0.001530
0.001559
0.001497
0.001798
0.001471
0.001503
0.001491
0.001854
0.001556
0.001566
0.001573
0.001502
0.001492
0.001504
0.001602
0.001527
0.001543
0.001523
0.002043
0.001532
0.001646
0.001515
0.001536
0.001622
0.001570
0.006556
0.001545
0.001511
0.001813
0.001674
0.001578
0.001502
0.001585
0.001519
0.001659
0.001592
0.001608
0.001529
0.001523
0.001474
0.001726
0.001606
0.001555
0.001539
0.001471
0.001723
0.001473
0.001486
0.003687
0.007271
0.005417
0.001526
0.001565
0.001515
0.001630
0.001549
0.001510
0.001496
0.001541
0.002026
0.001630
0.001633
0.001531
0.001551
0.001553
0.001718
0.001800
0.001511
0.001643
0.001641
0.001785
0.001628
0.001568
0.001499
0.001728
0.001568
0.001488
0.001443
0.002320
0.001622
0.001815
0.001797
0.001540
0.001540
0.001522
0.001501
0.001755
0.001565
0.001556
0.001491
0.005399
0.001637
0.001691
0.001537
0.001637
0.001516
0.001830
0.001572
0.001561
0.001532
0.001531
0.001534
0.011188
0.001562
0.001655
0.001555
0.001506
0.001528
0.001542
0.019044
0.001501
0.001509
0.001590
0.001662
0.001688
0.001530
0.001549
0.001551
0.001525
0.004885
0.001666
0.001792
0.001536
0.001912
0.001605
0.001676
0.001509
0.001612
0.001620
0.008472
0.001549
0.001563
0.001616
0.012660
0.001534
0.001556
0.001566
0.001612
0.001539
0.001530
0.001527
0.001504
0.001506
0.059538
0.001564
0.001510
0.001498
0.001905
0.001592
0.001474
0.001454
0.001583
0.001519
0.001743
0.001746
0.001613
0.002136
0.001541
0.001645
0.001704
0.001813
0.001630
0.001507
0.001619
0.001656
0.001755
0.001499
0.001471
0.001532
0.001597
0.001555
0.001532
0.001578
0.001584
0.001859
0.001640
0.001530
0.001504
0.001766
0.001422
0.001629
0.001593
0.001497
0.001915
0.001512
0.001588
0.001540
0.001530
0.001539
0.001746
0.005494
0.001816
0.001898
0.001469
0.001673
0.001658
0.001585
0.001906
0.005225
0.001597
0.001565
0.001891
0.022454
0.001550
0.001757
0.001596
0.001593
0.001459
0.001501
0.001509
0.001623
0.001526
0.001705
0.001711
0.001525
0.001481
0.001770
0.001486
0.001575
0.001626
0.001509
0.001522
0.001559
0.001492
0.001601
0.002146
0.001589
0.001574
0.001512
0.001692
0.001553
0.001755
0.020681
0.001605
0.002617
0.001803
0.001700
0.001595
0.001840
0.001589
0.001476
0.001553
0.003058
0.001900
0.001584
0.001615
0.002322
0.001601
0.001748
0.001523
0.001636
0.001458
0.001500
0.001944
0.001644
0.001726
0.001579
0.001892
0.002768
0.001824
0.001559
0.001691
0.001644
0.001733
0.001689
0.001704
0.001593
0.001654
0.011100
0.001652
0.001489
0.001478
0.001520
0.001600
0.001782
0.001464
0.001469
0.001516
0.001707
0.001540
0.002682
0.001536
0.001755
0.001603
0.006751
0.001719
0.001634
0.001510
0.001607
0.001599
0.001565
0.006728
0.001555
0.001535
0.001689
0.001586
0.001447
0.001482
0.001523
0.002619
0.038668
0.001497
0.001556
0.001990
0.001698
0.001646
0.001508
0.001600
0.001582
0.001480
0.001526
0.001570
0.001462
0.001573
0.001842
0.001525
0.007481
0.002650
0.001481
0.001540
0.001527
0.001776
0.001791
0.001573
0.001543
0.001716
0.001701
0.001625
0.001431
0.001615
0.001610
0.001533
0.001561
0.001624
0.001527
0.001698
0.001800
0.001510
0.001582
0.001498
0.001487
0.001562
0.001891
0.001568
0.001683
0.001695
0.001989
0.001619
0.001634
0.001698
0.001507
0.043331
0.001585
0.001514
0.001526
0.001649
0.001966
0.001615
0.001533
0.001692
0.001588
0.001553
0.001486
0.004765
0.001592
0.001729
0.001635
0.001740
0.001632
0.001842
0.002928
0.001571
0.001556
0.001434
0.001503
0.001592
0.001684
0.001601
0.001539
0.001556
0.001547
0.001671
0.001458
0.001551
0.001543
0.001642
0.001547
0.001638
0.001868
0.001473
0.001501
0.001480
0.001576
0.001694
0.001658
0.001605
0.001680
0.001654
0.001626
0.001491
0.001495
0.001519
0.001926
0.001641
0.001562
0.001581
0.001514
0.001787
0.001609
0.001605
0.001558
0.001515
0.001884
0.001538
0.001476
0.001471
0.001475
0.001721
0.001585
0.001786
0.010929
0.001562
0.001563
0.001470
0.001668
0.001918
0.001702
0.001491
0.001622
0.001526
0.001538
0.001754
0.001649
0.001492
0.001503
0.001615
0.001757
0.001518
0.001538
0.018714
0.001498
0.001591
0.001580
0.001538
0.001685
0.001493
0.001739
0.001510
0.001707
0.001676
0.002140
0.001576
0.001576
0.001766
0.001834
0.001605
0.008068
0.001603
0.001591
0.001491
0.001469
0.001575
0.001541
0.001499
0.001929
0.001701
0.001611
0.001615
0.001425
0.001469
0.001626
0.001545
0.001512
0.001747
0.001666
0.001532
0.001621
0.001575
0.001718
0.001719
0.001515
0.001505
0.001714
0.001603
0.001678
0.048892
0.001534
0.001665
0.001727
0.001680
0.001492
0.001672
0.002139
0.001646
0.001658
0.001625
0.006455
0.012796
0.001538
0.001555
0.001661
0.001833
0.001519
0.001591
0.001545
0.001976
0.001590
0.001520
0.001519
0.001567
0.001564
0.001619
0.001504
0.001514
0.001651
0.001525
0.040971
0.001888
0.001587
0.001539
0.001497
0.001564
0.001569
0.001518
0.001540
0.001604
0.001549
0.001570
0.001677
0.001543
0.001586
0.001769
0.001596
0.001711
0.001552
0.001598
0.001486
0.006021
0.004722
0.001532
0.002193
0.001651
0.006510
0.001530
0.001611
0.001540
0.001493
0.001474
0.001473
0.001690
0.001890
0.001525
0.001533
0.001543
0.001518
0.001764
0.001531
0.001529
0.001482
0.001727
0.002852
0.001537
0.001509
0.001656
0.001890
0.001661
0.001587
0.001536
0.001523
0.001481
0.001559
0.001461
0.001701
0.001459
0.001478
0.001533
0.001630
0.001584
0.001544
0.001508
0.001608
0.001685
0.002444
0.001592
0.001620
0.001513
0.001766
0.001461
0.001517
0.001614
0.001526
0.001647
0.001525
0.001492
0.001543
0.001556
0.001546
0.001591
0.001551
0.001797
0.001518
0.001536
0.001640
0.001473
0.001568
0.001498
0.001629
0.001554
0.001568
0.001651
0.001553
0.001555
0.002334
0.002098
0.001567
0.001624
0.001541
0.001766
0.001567
0.001750
0.001592
0.001766
0.001575
0.001569
0.015631
0.001678
0.003694
0.001691
0.001558
0.001529
0.001514
0.001552
0.001643
0.001541
0.001459
0.001578
0.001615
0.001794
0.001739
0.001480
0.001508
0.001587
0.001509
0.001715
0.001611
0.001612
0.001672
0.002612
0.002632
0.001556
0.001519
0.001540
0.001725
0.001713
0.001559
0.001518
0.001604
0.001517
0.001521
0.001966
0.001513
0.001502
0.001478
0.001492
0.001539
0.001727
0.001505
0.001540
0.001550
0.001740
0.001629
0.001514
0.001622
0.001560
0.001539
0.001487
0.001454
0.001609
0.001722
0.001465
0.001563
0.001716
0.001517
0.001904
0.001505
0.001503
0.001520
0.001528
0.001546
0.001669
0.001578
0.001509
0.001527
0.001800
0.001623
0.001882
0.001558
0.001632
0.001619
0.002009
0.001516
0.001609
0.001423
0.001573
0.002659
0.001508
0.001533
0.001596
0.001531
0.001659
0.001872
0.001600
0.001502
0.001482
0.002536
0.001542
0.001637
0.001652
0.001580
0.001858
0.001514
0.001642
0.001514
0.001503
0.001744
0.001631
0.001563
0.001474
0.001529
0.001896
0.001502
0.001567
0.001462
0.001531
0.001454
0.001777
0.001550
0.005167
0.001542
0.001739
0.001533
0.001988
0.001552
0.001704
0.001578
0.001641
0.013362
0.001546
0.001578
0.001754
0.001566
0.001606
0.001505
0.001560
0.001702
0.001686
0.001682
0.001924
0.001564
0.001615
0.001470
0.001889
0.001473
0.001606
0.001723
0.001543
0.001980
0.001563
0.001692
0.001520
0.001614
0.001815
0.001519
0.001620
0.001504
0.001785
0.001610
0.001532
0.001492
0.001561
0.001657
0.001861
0.001472
0.001521
0.001528
0.001500
0.001850
0.001516
0.001475
0.001508
0.001475
0.001636
0.001618
0.001903
0.001562
0.001793
0.001530
0.001519
0.001779
0.001535
0.001595
0.001529
0.001987
0.001644
0.001592
0.001521
0.001544
0.014528
0.001726
0.001535
0.001532
0.001577
0.001437
0.001596
0.005368
0.001569
0.001531
0.001590
0.001543
0.001956
0.001631
0.001543
0.001679
0.001581
0.001611
0.001449
0.001830
0.001536
0.001469
0.001612
0.001548
0.001807
0.001468
0.001504
0.001534
0.001547
0.001560
0.001552
0.001644
0.001532
0.001709
0.001551
0.001552
0.001886
0.001469
0.001600
0.001504
0.001532
0.001506
0.002052
0.001496
0.001563
0.001633
0.001505
0.001791
0.001573
0.001628
0.001526
0.001665
0.001550
0.001506
0.001553
0.001533
0.001517
0.004397
0.001599
0.001539
0.001965
0.001547
0.001662
0.001588
0.001507
0.001943
0.001694
0.003832
0.001580
0.006366
0.001519
0.001645
0.001624
0.001838
0.001554
0.001591
0.001561
0.001480
0.001765
0.001490
0.001573
0.001474
0.001550
0.001793
0.001596
0.001599
0.001546
0.003646
0.001568
0.001535
0.001507
0.001892
0.001509
0.001547
0.001573
0.001525
0.001642
0.001572
0.001505
0.001530
0.001537
0.001703
0.001545
0.005074
0.001545
0.001483
0.001597
0.001680
0.001542
0.001541
0.001506
0.001583
0.001693
0.001709
0.006005
0.001864
0.001873
0.001759
0.001550
0.001597
0.001583
0.001635
0.001518
0.001520
0.001737
0.001568
0.001598
0.001613
0.001561
0.001582
0.001735
0.001632
0.003515
0.001659
0.001550
0.001613
0.001722
0.001862
0.001562
0.001620
0.001580
0.001521
0.002139
0.001573
0.001745
0.001751
0.001684
0.001639
0.001544
0.001681
0.001537
0.001496
0.001607
0.002963
0.001618
0.002160
0.001514
0.001556
0.001544
0.001520
0.001727
0.001501
0.001573
0.001486
0.001832
0.001553
0.001506
0.001506
0.001561
0.001551
0.001585
0.001556
0.001569
0.001525
0.001549
0.001537
0.001641
0.001540
0.001709
0.001682
0.001601
0.001535
0.001497
0.001538
0.001520
0.001722
0.001601
0.001718
0.001528
0.001524
0.001603
0.001645
0.001554
0.001587
0.001525
0.001565
0.001537
0.001745
0.001549
0.001520
0.001559
0.001429
0.003720
0.001903
0.001718
0.001618
0.001602
0.001579
0.001574
0.001662
0.001520
0.001910
0.001661
0.001985
0.001726
0.001561
0.001490
0.001559
0.001716
0.001728
0.001563
0.001593
0.001539
0.001457
0.001630
0.001500
0.001560
0.001640
0.001821
0.001517
0.001590
0.001543
0.001694
0.001580
0.001474
0.001557
0.001599
0.001968
0.001568
0.001634
0.001584
0.001601
0.001516
0.001561
0.001529
0.001554
0.001497
0.001525
0.001911
0.001484
0.001585
0.001512
0.001624
0.001769
0.041545
0.001690
0.001717
0.001809
0.001641
0.001509
0.001593
0.001473
0.001480
0.001498
0.001620
0.001533
0.001580
0.001487
0.001722
0.001560
0.001717
0.001481
0.001575
0.001488
0.001518
0.001810
0.001584
0.001589
0.008327
0.001632
0.001544
0.001662
0.001562
0.001561
0.001430
0.001587
0.001504
0.002075
0.001615
0.001545
0.001494
0.001588
0.004044
0.001623
0.001547
0.001452
0.001850
0.001831
0.001475
0.002374
0.001777
0.001588
0.001705
0.001580
0.001853
0.001580
0.001562
0.001591
0.001608
0.001532
0.001549
0.001620
0.001778
0.001638
0.007789
0.001686
0.001501
0.001548
0.001488
0.001525
0.001452
0.001541
0.001589
0.001506
0.001705
0.001922
0.001614
0.001519
0.001640
0.001480
0.001635
0.001723
0.001490
0.001460
0.001935
0.001475
0.001771
0.001938
0.001583
0.010228
0.001634
0.001710
0.001745
0.001545
0.001534
0.001556
0.001586
0.001743
0.001752
0.001600
0.001801
0.001650
0.001597
0.001479
0.001577
0.001520
0.001531
0.001628
0.001826
0.001617
0.001721
0.001506
0.001718
0.001617
0.001629
0.001717
0.002651
0.001491
0.001486
0.001559
0.003942
0.001506
0.003536
0.006817
0.001540
0.001506
0.001587
0.001484
0.001739
0.001966
0.001564
0.001511
0.001540
0.001494
0.001703
0.001567
0.001471
0.001550
0.001532
0.001608
0.001585
0.001523
0.001605
0.001508
0.001626
0.001488
0.001726
0.001554
0.001518
0.001640
0.001526
0.001673
0.001669
0.013866
0.003651
0.001574
0.001549
0.001643
0.001571
0.001684
0.001538
0.001617
0.001761
0.001893
0.001585
0.001550
0.002064
0.001541
0.001643
0.001573
0.001578
0.009297
0.001512
0.016160
0.001562
0.001516
0.001713
0.001729
0.001586
0.001449
0.001558
0.001506
0.001559
0.001544
0.001639
0.001634
0.001541
0.001540
0.001514
0.001571
0.001614
0.001615
0.001557
0.002749
0.001516
0.001964
0.001561
0.001437
0.001607
0.001529
0.001645
0.001837
0.001509
0.001574
0.001544
0.001896
0.001814
0.001572
0.001527
0.001578
0.001630
0.001568
0.001573
0.001538
0.001621
0.001750
0.001548
0.001532
0.001609
0.001445
0.001506
0.001621
0.001572
0.001523
0.001924
0.025231
0.001539
0.001832
0.001530
0.001526
0.001555
0.001620
0.001571
0.001597
0.001478
0.001629
0.001546
0.001679
0.001729
0.001531
0.001511
0.001680
0.001491
0.001853
0.001516
0.001562
0.001618
0.001634
0.001509
0.001519
0.001427
0.001853
0.001615
0.001500
0.001651
0.001564
0.001648
0.001595
0.001507
0.001612
0.001637
0.015613
0.001604
0.009230
0.001653
0.001601
0.001657
0.001532
0.001544
0.001727
0.001653
0.001624
0.001697
0.001540
0.001456
0.001956
0.001494
0.001473
0.002002
0.001551
0.001650
0.012090
0.003730
0.010387
0.001606
0.001681
0.001530
0.001565
0.001644
0.001593
0.001483
0.019287
0.012573
0.017448
0.001565
0.001558
0.001562
0.001508
0.001513
0.001638
0.001612
0.001815
0.001518
0.001680
0.001679
0.001735
0.001612
0.001502
0.001783
0.001682
0.001492
0.001647
0.003758
0.001751
0.002029
0.001716
0.001481
0.001547
0.001535
0.001728
0.001534
0.001564
0.001546
0.001718
0.001451
0.001483
0.001537
0.001571
0.001549
0.001736
0.001509
0.001556
0.001528
0.002457
0.001684
0.001519
0.002154
0.001478
0.001765
0.003046
0.002087
0.001717
0.001533
0.001557
0.001516
0.001579
0.001656
0.001567
0.001520
0.001716
0.001559
0.001659
0.001637
0.002388
0.001852
0.001725
0.001534
0.001587
0.001562
0.001707
0.001518
0.001734
0.001702
0.001690
0.001597
0.001598
0.001695
0.001620
0.001507
0.001513
0.001457
0.001594
0.002222
0.001627
0.001455
0.001504
0.001598
0.003372
0.001485
0.001640
0.001517
0.001532
0.001562
0.001501
0.001493
0.001514
0.001526
0.001880
0.001504
0.001625
0.001692
0.001655
0.001559
0.001601
0.001639
0.001673
0.001507
0.001814
0.001541
0.001521
0.001610
0.001506
0.001489
0.001534
0.005167
0.001869
0.001523
0.001509
0.001538
0.001625
0.001632
0.001561
0.001529
0.001520
0.001535
0.001522
0.001527
0.001626
0.001520
0.001565
0.001489
0.001736
0.001610
0.001646
0.001585
0.001723
0.001570
0.001478
0.001644
0.001595
0.001517
0.001726
0.007716
0.001500
0.001513
0.001592
0.001515
0.001596
0.001741
0.001557
0.001577
0.001478
0.001525
0.001605
0.008829
0.001587
0.001766
0.001865
0.001623
0.001655
0.001551
0.001571
0.001900
0.001605
0.001509
0.001646
0.003478
0.001672
0.001579
0.001505
0.001590
0.001547
0.001522
0.001929
0.001585
0.001854
0.001497
0.001488
0.001512
0.001619
0.001694
0.001516
0.001535
0.001517
0.002390
0.001713
0.001674
0.002687
0.001533
0.001614
0.004473
0.001511
0.001587
0.001534
0.001864
0.001551
0.001534
0.001644
0.001600
0.001900
0.001666
0.001577
0.001625
0.002219
0.001571
0.001688
0.001570
0.001553
0.001639
0.001656
0.001550
0.004248
0.001596
0.001478
0.001628
0.001974
0.004502
0.001578
0.001533
0.001560
0.005406
0.001507
0.001502
0.001458
0.001517
0.004514
0.001597
0.001535
0.005115
0.001624
0.001502
0.018310
0.001724
0.001576
0.001623
0.001777
0.001452
0.001538
0.001508
0.001520
0.001526
0.001824
0.001520
0.001478
0.001463
0.002127
0.001530
0.001675
0.001478
0.001481
0.001456
0.001901
0.001490
0.001625
0.001419
0.001528
0.001851
0.001519
0.001500
0.001539
0.001551
0.001523
0.001992
0.001597
0.001540
0.001538
0.001658
0.001719
0.001668
0.001689
0.001516
0.001521
0.001802
0.001608
0.001740
0.001650
0.001575
0.001640
0.001515
0.001426
0.001548
0.001508
0.001505
0.001561
0.001594
0.001507
0.001489
0.001698
0.001696
0.001525
0.001648
0.001564
0.002420
0.001878
0.001537
0.001590
0.001601
0.001494
0.001501
0.001560
0.001524
0.001837
0.001523
0.001549
0.001633
0.001618
0.001501
0.001554
0.001695
0.001494
0.001585
0.001614
0.001602
0.014778
0.001570
0.001535
0.001501
0.001493
0.002192
0.001722
0.001621
0.001501
0.001639
0.001733
0.001697
0.001463
0.001615
0.001577
0.001841
0.001535
0.001501
0.001604
0.001568
0.001518
0.001464
0.001559
0.001907
0.001752
0.001499
0.001570
0.001563
0.001524
0.001723
0.001584
0.042447
0.001597
0.001545
0.001557
0.001699
0.001590
0.001953
0.001520
0.001509
0.001518
0.001624
0.001913
0.001661
0.001738
0.001644
0.001670
0.001521
0.001535
0.001564
0.001792
0.001587
0.001764
0.001560
0.001614
0.001988
0.001608
0.001524
0.001449
0.002348
0.001663
0.001523
0.001598
0.001517
0.001756
0.001721
0.001527
0.001597
0.001673
0.003053
0.001539
0.001815
0.001566
0.001595
0.001652
0.001518
0.001568
0.001521
0.001848
0.001498
0.001618
0.001777
0.001525
0.028296
0.001737
0.001615
0.001566
0.001589
0.002097
0.001496
0.001819
0.001476
0.001577
0.001730
0.001885
0.001537
0.001529
0.001505
0.001528
0.001711
0.001645
0.015252
0.001564
0.001676
0.001633
0.001614
0.001769
0.001536
0.002022
0.001603
0.001533
0.001818
0.001716
0.001554
0.001478
0.001862
0.001510
0.001529
0.001637
0.001562
0.001601
0.001644
0.001450
0.001505
0.001513
0.001507
0.001512
0.001549
0.002428
0.001775
0.001570
0.001578
0.001586
0.001656
0.001743
0.001606
0.001734
0.001594
0.001709
0.001532
0.001627
0.001664
0.001660
0.001857
0.001555
0.001925
0.001590
0.001609
0.001572
0.002726
0.001609
0.001821
0.001520
0.001654
0.001439
0.001633
0.001561
0.001532
0.001597
0.001577
0.001657
0.001705
0.035288
0.001534
0.001516
0.002242
0.001620
0.001641
0.001485
0.001531
0.001847
0.001665
0.001455
0.001536
0.001510
0.001846
0.001445
0.006469
0.001609
0.001555
0.001621
0.001609
0.001765
0.001590
0.001563
0.001631
0.001513
0.001580
0.001714
0.001554
0.001598
0.001468
0.001598
0.001510
0.001560
0.001507
0.001505
0.001509
0.001592
0.002020
0.001461
0.001566
0.001626
0.001651
0.001866
0.001557
0.001519
0.001507
0.001518
0.001661
0.001678
0.001655
0.001672
0.001847
0.001717
0.001505
0.001721
0.001735
0.001939
0.001988
0.079508
0.001518
0.001735
0.001500
0.001597
0.002235
0.001613
0.010991
0.009228
0.001464
0.065720
0.001608
0.001623
0.009048
0.001574
0.008387
0.011606
0.001543
0.001554
0.001554
0.001786
0.001466
0.001610
0.001565
0.001507
0.001547
0.001801
0.001613
0.001643
0.001549
0.001549
0.001671
0.001514
0.001607
0.001578
0.001646
0.001580
0.001641
0.001766
0.001451
0.001526
0.002427
0.001591
0.001523
0.001610
0.001459
0.001943
0.001599
0.001523
0.001504
0.001625
0.001771
0.001552
0.001493
0.001505
0.001512
0.001500
0.001569
0.002862
0.001565
0.001520
0.001603
0.010558
0.001470
0.001737
0.001543
0.001504
0.001518
0.005101
0.001721
0.002010
0.001504
0.001492
0.001493
0.013110
0.001662
0.001632
0.001770
0.001582
0.001654
0.001593
0.001566
0.001766
0.001453
0.001565
0.001659
0.001509
0.001596
0.001440
0.001505
0.001501
0.002425
0.001526
0.001696
0.001431
0.001518
0.001507
0.012283
0.001762
0.001752
0.001554
0.001706
0.001570
0.001509
0.001890
0.001514
0.001507
0.001465
0.001560
0.001581
0.001474
0.001543
0.001604
0.001634
0.001632
0.001868
0.001483
0.001587
0.001500
0.001547
0.001510
0.001498
0.001602
0.001670
0.001614
0.013288
0.001559
0.001508
0.001525
0.001655
0.001525
0.001926
0.001487
0.001548
0.001528
0.001548
0.001606
0.001623
0.001830
0.001586
0.001708
0.008086
0.004452
0.001599
0.002484
0.001477
0.001455
0.001780
0.001422
0.001593
0.001586
0.001765
0.001668
0.001722
0.001616
0.001637
0.006126
0.001513
0.001521
0.001856
0.001593
0.001658
0.002160
0.001567
0.001620
0.001484
0.001659
0.001506
0.001445
0.001425
0.001564
0.001577
0.001552
0.001551
0.884905
0.002200
0.001526
0.001501
0.001559
0.001616
0.001679
0.014912
0.001509
0.001544
0.001544
0.001810
0.001587
0.001554
0.001755
0.001509
0.001514
0.006985
0.001510
0.001610
0.001794
0.001540
0.002079
0.001513
0.001472
0.001517
0.001553
0.001995
0.001883
0.001516
0.001630
0.001968
0.001574
0.001585
0.001546
0.001542
0.001605
0.001734
0.001922
0.001565
0.001468
0.001542
0.001790
0.001627
0.001514
0.001543
0.001538
0.001594
0.001550
0.001479
0.001540
0.001594
0.001534
0.001822
0.001599
0.001512
0.001718
0.001517
0.001553
0.001529
0.001565
0.001607
0.001959
0.001649
0.001478
0.001627
0.001568
0.001872
0.001501
0.001985
0.001484
0.001610
0.001527
0.001727
0.011385
0.001493
0.001669
0.001516
0.001714
0.001597
0.012000
0.001538
0.001457
0.001541
0.001543
0.001621
0.001534
0.001843
0.001600
0.001541
0.001666
0.002107
0.001720
0.001517
0.001748
0.001586
0.001529
0.001583
0.001755
0.001546
0.001558
0.001563
0.001484
0.001601
0.001707
0.001676
0.001750
0.001497
0.001652
0.001818
0.001506
0.001548
0.001649
0.001497
0.001441
0.001647
0.001724
0.001970
0.002638
0.001532
0.001561
0.001535
0.001566
0.001525
0.001732
0.001560
0.001506
0.001526
0.001710
0.001596
0.001701
0.001507
0.001464
0.001500
0.001537
0.001710
0.001488
0.001750
0.001556
0.001562
0.001769
0.001614
0.001752
0.001492
0.001527
0.001508
0.001509
0.001679
0.001603
0.001453
0.001774
0.001473
0.001521
0.001486
0.001749
0.001720
0.001547
0.001492
0.001471
0.001454
0.001492
0.001590
0.001576
0.001633
0.001604
0.001959
0.001566
0.001515
0.001615
0.001544
0.001759
0.001539
0.001513
0.001475
0.001482
0.001592
0.001803
0.001777
0.001664
0.001526
0.001927
0.006845
0.001587
0.001615
0.019322
0.001563
0.001680
0.001969
0.002107
0.001506
0.001665
0.001664
0.001500
0.001903
0.030492
0.001579
0.001680
0.001625
0.001693
0.001619
0.001487
0.001546
0.001712
0.003507
0.001582
0.001450
0.001684
0.001436
0.001450
0.001565
0.001562
0.001602
0.001541
0.001636
0.001498
0.001795
0.001583
0.001516
0.001759
0.001545
0.001526
0.001632
0.001569
0.001589
0.001533
0.001586
0.001602
0.001527
0.001585
0.001503
0.001620
0.001573
0.001558
0.001534
0.001473
0.001628
0.001690
0.001506
0.001499
0.002401
0.001547
0.001706
0.001642
0.001553
0.013568
0.001547
0.001703
0.001767
0.014946
0.049371
0.001606
0.001564
0.001564
0.001520
0.001531
0.001821
0.001641
0.001796
0.001505
0.002256
0.001478
0.001557
0.001734
0.001806
0.001522
0.001620
0.001562
0.001936
0.001521
0.001721
0.001598
0.001510
0.001967
0.001538
0.001577
0.001537
0.002191
0.001697
0.001487
0.001471
0.001535
0.001733
0.001892
0.001590
0.001554
0.001886
0.001675
0.001581
0.001501
0.001597
0.001820
0.001579
0.054938
0.001544
0.001514
0.001619
0.001520
0.001609
0.001592
0.001602
0.001637
0.001510
0.001524
0.001481
0.001900
0.001506
0.001501
0.001816
0.017590
0.001579
0.001552
0.001769
0.001520
0.001777
0.001650
0.001460
0.001592
0.003521
0.001666
0.001599
0.001630
0.001565
0.001521
0.001523
0.001522
0.001543
0.001608
0.001547
0.001613
0.001566
0.001887
0.001454
0.001499
0.001683
0.001524
0.001616
0.001511
0.001594
0.001507
0.001473
0.001544
0.001821
0.001470
0.001533
0.001556
0.001512
0.001765
0.001572
0.017803
0.001557
0.001512
0.001607
0.001534
0.006912
0.001722
0.001551
0.001564
0.001507
0.001499
0.001558
0.001663
0.001513
0.001591
0.001524
0.001501
0.001849
0.001547
0.001535
0.001465
0.001700
0.009622
0.001865
0.001551
0.001477
0.001491
0.001523
0.001519
0.001479
0.001561
0.001537
0.001544
0.001675
0.001619
0.001546
0.001975
0.001647
0.001630
0.001660
0.001627
0.001547
0.001587
0.006945
0.001533
0.001734
0.016308
0.001538
0.009561
0.001607
0.001689
0.001662
0.001528
0.001495
0.001562
0.009442
0.010257
0.001582
0.001593
0.003997
0.001627
0.002790
0.001621
0.006590
0.002099
0.001612
0.001609
0.001479
0.001629
0.001565
0.001702
0.001709
0.001583
0.001518
0.001526
0.001500
0.001515
0.001792
0.001519
0.001552
0.001548
0.001683
0.001940
0.001695
0.001543
0.001676
0.001525
0.001531
0.001649
0.001581
0.001596
0.001500
0.001474
0.001536
0.001681
0.001710
0.001641
0.001554
0.001553
0.001583
0.001502
0.001637
0.001569
0.001463
0.001711
0.001499
0.001552
0.012414
0.001484
0.001566
0.001505
0.001725
0.001478
0.001525
0.001667
0.001506
0.001757
0.001615
0.001592
0.001518
0.001675
0.001671
0.001798
0.001661
0.001634
0.001549
0.001653
0.001535
0.001829
0.001996
0.001516
0.001667
0.001532
0.001511
0.001618
0.001590
0.001645
0.001647
0.001558
0.001502
0.001472
0.001632
0.001941
0.001670
0.001514
0.001507
0.001650
0.001570
0.001418
0.002059
0.001466
0.001502
0.001515
0.001570
0.001465
0.001549
0.001799
0.001495
0.002409
0.001606
0.001540
0.001601
0.001655
0.001597
0.001684
0.003627
0.001645
0.001569
0.002058
0.001502
0.001562
0.001629
0.001595
0.001619
0.001606
0.001855
0.001951
0.001564
0.001500
0.001696
0.001735
0.001713
0.001719
0.001569
0.001557
0.001621
0.001781
0.001708
0.001540
0.001654
0.001597
0.001674
0.001491
0.001636
0.001725
0.001525
0.001648
0.001608
0.001637
0.001564
0.001525
0.001737
0.001583
0.001534
0.002045
0.001813
0.001575
0.001737
0.001673
0.002014
0.001628
0.001984
0.001527
0.001761
0.001592
0.001525
0.001515
0.001617
0.001533
0.001930
0.001494
0.001654
0.001568
0.001528
0.001563
0.001622
0.001620
0.002779
0.001576
0.001511
0.001524
0.001682
0.001521
0.001616
0.001801
0.001540
0.009397
0.001682
0.001736
0.003298
0.001600
0.001473
0.001595
0.001564
0.001745
0.001594
0.064907
0.003915
0.001671
0.001735
0.001627
0.001597
0.001743
0.001565
0.001649
0.001752
0.001653
0.001719
0.001655
0.001882
0.001480
0.001514
0.001591
0.001540
0.001503
0.001611
0.001511
0.001833
0.001629
0.001522
0.001675
0.001567
0.001469
0.001858
0.001498
0.001540
0.001614
0.001523
0.001558
0.001477
0.001522
0.001601
0.001542
0.001592
0.001497
0.001483
0.001509
0.001514
0.010700
0.001582
0.001564
0.001822
0.001596
0.052735
0.001833
0.001592
0.001515
0.001515
0.001523
0.001630
0.001465
0.001485
0.001549
0.001654
0.001655
0.001719
0.001896
0.001688
0.001780
0.001659
0.011802
0.001599
0.001639
0.001731
0.001564
0.001620
0.001512
0.001598
0.001600
0.006011
0.001535
0.001471
0.001539
0.001549
0.001712
0.001571
0.001634
0.001557
0.001504
0.001561
0.001900
0.001545
0.001519
0.001513
0.001478
0.001530
0.001780
0.001458
0.001521
0.001493
0.001537
0.001698
0.001479
0.001492
0.001559
0.001526
0.001600
0.001844
0.001558
0.001527
0.001489
0.001608
0.001574
0.001814
0.001527
0.001568
0.001506
0.001517
0.001492
0.001446
0.001562
0.001493
0.001563
0.001496
0.001634
0.001425
0.001599
0.001470
0.001631
0.001725
0.001459
0.001472
0.001550
0.001609
0.001615
0.033321
0.001521
0.001582
0.010753
0.001494
0.001566
0.001488
0.001526
0.001528
0.001548
0.001546
0.001536
0.001694
0.001553
0.001522
0.001854
0.001495
0.001572
0.001592
0.001524
0.001616
0.001569
0.001665
0.001534
0.001683
0.001510
0.001517
0.036588
0.001519
0.001632
0.001510
0.001598
0.001640
0.001474
0.001532
0.001432
0.001509
0.001528
0.001532
0.001524
0.001554
0.015762
0.001694
0.001508
0.001669
0.001589
0.001625
0.001707
0.001540
0.001586
0.001550
0.001600
0.001689
0.001582
0.001951
0.001537
0.001562
0.001465
0.001663
0.001707
0.001574
0.001664
0.001483
0.001627
0.001572
0.001717
0.001558
0.001548
0.001614
0.001834
0.001612
0.001682
0.001631
0.001604
0.001553
0.001605
0.001637
0.001432
0.001528
0.001623
0.001492
0.001501
0.001602
0.001607
0.001567
0.002941
0.001522
0.001676
0.001588
0.004366
0.001552
0.001469
0.001849
0.001522
0.001615
0.001585
0.005450
0.001659
0.001557
0.001495
0.001594
0.001535
0.001867
0.001497
0.001595
0.001610
0.001522
0.001572
0.001657
0.009186
0.001541
0.004635
0.001526
0.001564
0.001660
0.001599
0.001525
0.001510
0.001625
0.001525
0.001596
0.001556
0.001587
0.002864
0.001629
0.001735
0.001776
0.001488
0.001677
0.001624
0.001682
0.001508
0.001534
0.001549
0.001728
0.001622
0.001658
0.001475
0.001544
0.001472
0.001579
0.001506
0.001490
0.001822
0.001653
0.001522
0.001470
0.001447
0.001923
0.001576
0.001486
0.001594
0.001464
0.001676
0.001526
0.001533
0.001947
0.001527
0.001616
0.001511
0.001517
0.001613
0.001731
0.001485
0.001530
0.001533
0.001482
0.001490
0.001444
0.001567
0.001901
0.001502
0.001471
0.001561
0.001490
0.001502
0.001500
0.001775
0.001554
0.001617
0.001465
0.001536
0.001591
0.001484
0.001497
0.001735
0.001523
0.001670
0.001742
0.001528
0.001569
0.001941
0.001485
0.001610
0.001524
0.001567
0.001554
0.001866
0.001533
0.001603
0.001567
0.001646
0.001505
0.001473
0.001511
0.001561
0.001516
0.001674
0.001529
0.001489
0.001575
0.001576
0.001619
0.001546
0.001654
0.001552
0.001908
0.001570
0.001622
0.001660
0.001571
0.001540
0.001641
0.001692
0.001626
0.001712
0.001658
0.001476
0.001449
0.001606
0.001567
0.001536
0.001552
0.001544
0.001559
0.001734
0.001508
0.001560
0.001528
0.001512
0.001497
0.001678
0.007051
0.001552
0.001511
0.001923
0.001654
0.001679
0.001464
0.001560
0.001521
0.001522
0.001714
0.001488
0.001622
0.001679
0.001549
0.001528
0.001550
0.001566
0.001707
0.001534
0.001562
0.001625
0.001668
0.002035
0.001498
0.001545
0.001548
0.001511
0.001603
0.001952
0.002005
0.001505
0.001505
0.001502
0.001713
0.001510
0.001565
0.002720
0.001602
0.001611
0.001465
0.001508
0.001920
0.001541
0.001675
0.001589
0.001506
0.001690
0.001639
0.001534
0.001544
0.001633
0.079564
0.001511
0.001713
0.001623
0.001633
0.001542
0.003354
0.001650
0.001590
0.001531
0.001499
0.002498
0.001544
0.001481
0.001491
0.001576
0.001513
0.001831
0.001491
0.001516
0.001525
0.001533
0.001687
0.001471
0.001619
0.001513
0.001627
0.001582
0.001820
0.001883
0.001531
0.001653
0.001534
0.001612
0.001644
0.001708
0.001566
0.001464
0.001469
0.001495
0.001460
0.001591
0.001632
0.001602
0.001578
0.001564
0.001491
0.001766
0.001530
0.001510
0.001460
0.001573
0.001583
0.001542
0.006637
0.001647
0.001631
0.002078
0.003571
0.002198
0.001645
0.001528
0.001444
0.001669
0.001505
0.001958
0.002178
0.001673
0.001507
0.001568
0.001669
0.001649
0.001667
0.001530
0.001593
0.001544
0.001566
0.001571
0.001761
0.001609
0.001613
0.001663
0.001601
0.001811
0.001709
0.001497
0.001499
0.001430
0.001774
0.001643
0.001930
0.001566
0.001465
0.001563
0.001432
0.001688
0.004363
0.001516
0.001565
0.001698
0.001560
0.001755
0.001671
0.001928
0.054013
0.001552
0.001700
0.001519
0.001493
0.001488
0.001566
0.001581
0.001729
0.001696
0.001585
0.001566
0.001429
0.016168
0.001700
0.001518
0.003680
0.001521
0.001491
0.001567
0.001490
0.001531
0.001536
0.001552
0.001505
0.001566
0.001535
0.001505
0.001650
0.001645
0.001652
0.001494
0.001495
0.001524
0.001706
0.002845
0.001477
0.001673
0.001763
0.001615
0.001537
0.001518
0.001704
0.002709
0.001502
0.001516
0.001466
0.001641
0.001595
0.001583
0.001575
0.002879
0.001842
0.001557
0.002020
0.001610
0.001574
0.001568
0.001511
0.001669
0.001636
0.001482
0.001536
0.001884
0.001599
0.001506
0.002070
0.001661
0.001570
0.001508
0.001532
0.001564
0.001553
0.001528
0.018499
0.105892
0.068219
0.001616
0.001667
0.002460
0.001565
0.001574
0.001675
0.001671
0.001495
0.001569
0.001547
0.001515
0.001541
0.001474
0.001717
0.001520
0.001483
0.001446
0.001613
0.001619
0.001440
0.001443
0.001555
0.001538
0.001558
0.001523
0.001814
0.001558
0.001506
0.001522
0.001515
0.001693
0.001543
0.001476
0.001465
0.001494
0.001602
0.002023
0.001749
0.002171
0.001482
0.001439
0.001732
0.001517
0.001534
0.001440
0.001535
0.001594
0.001631
0.001460
0.001543
0.001682
0.001526
0.001898
0.001488
0.001567
0.001488
0.012307
0.001626
0.001627
0.001484
0.001493
0.001449
0.001524
0.001566
0.001860
0.001562
0.001532
0.001518
0.001513
0.001561
0.001565
0.001573
0.001717
0.001840
0.001509
0.001493
0.001622
0.001638
0.001482
0.001456
0.001687
0.001539
0.001438
0.001573
0.001683
0.001493
0.001562
0.001480
0.001597
0.001522
0.001495
0.001452
0.001470
0.001728
0.001494
0.001527
0.001468
0.001503
0.001509
0.001490
0.001430
0.001498
0.001434
0.001512
0.001593
0.001506
0.001693
0.001678
0.001482
0.001507
0.001505
0.001662
0.001500
0.001635
0.001523
0.001568
0.001542
0.001618
0.001648
0.001512
0.001449
0.001534
0.001421
0.001624
0.001540
0.001455
0.001714
0.001662
0.001484
0.001613
0.001808
0.001569
0.001532
0.001581
0.001573
0.001477
0.001839
0.001540
0.001605
0.001420
0.001451
0.001757
0.001491
0.001641
0.001500
0.001814
0.001666
0.001547
0.001550
0.001631
0.001862
0.001797
0.001453
0.001580
0.001563
0.001639
0.001737
0.001577
0.008260
0.001549
0.001495
0.001481
0.002480
0.001483
0.001477
0.001544
0.001566
0.001532
0.001747
0.001480
0.001498
0.001834
0.001509
0.001640
0.001506
0.001532
0.001490
0.001805
0.001589
0.001556
0.001623
0.001514
0.001580
0.001514
0.001761
0.008119
0.001546
0.001650
0.001549
0.009097
0.001721
0.001908
0.001663
0.001537
0.001620
0.001564
0.001580
0.001954
0.001641
0.001724
0.001579
0.001508
0.001770
0.001497
0.001559
0.001471
0.001465
0.001505
0.011765
0.001517
0.001514
0.001617
0.001671
0.001508
0.007063
0.001791
0.001526
0.001560
0.001535
0.001566
0.001482
0.001436
0.001678
0.001665
0.001797
0.002437
0.060734
0.001703
0.003223
0.001731
0.001498
0.003249
0.001499
0.001532
0.001665
0.001667
0.001781
0.001484
0.002863
0.001645
0.001671
0.001850
0.001550
0.001569
0.001568
0.001533
0.001607
0.001508
0.001713
0.001611
0.001599
0.001935
0.001529
0.001476
0.001508
0.001620
0.001673
0.021804
0.003807
0.003540
0.001605
0.001502
0.001453
0.001922
0.001457
0.001568
0.001472
0.001501
0.001637
0.001842
0.001551
0.001513
0.001630
0.001639
0.001524
0.002105
0.001916
0.001649
0.001502
0.001678
0.001497
0.001493
0.002544
0.001568
0.001541
0.001588
0.001757
0.001647
0.001804
0.001512
0.001582
0.001636
0.001591
0.001637
0.001667
0.001650
0.001700
0.001700
0.001556
0.001555
0.001633
0.001543
0.001893
0.001680
0.001470
0.001524
0.001505
0.001561
0.001605
0.001546
0.001730
0.001480
0.001534
0.001581
0.002269
0.001653
0.005188
0.001468
0.014397
0.001544
0.001805
0.001528
0.001539
0.001716
0.001478
0.001510
0.001707
0.001442
0.001520
0.001586
0.001735
0.001697
0.001742
0.001536
0.001568
0.001499
0.001492
0.001526
0.001637
0.001484
0.001503
0.001439
0.001642
0.001493
0.001555
0.001629
0.001738
0.001604
0.001501
0.001696
0.001504
0.001516
0.001588
0.001523
0.045710
0.001609
0.039349
0.001643
0.001730
0.001591
0.001456
0.001700
0.001526
0.001516
0.001589
0.001576
0.001656
0.001835
0.001442
0.001783
0.004193
0.001842
0.001489
0.001506
0.001583
0.001534
0.001570
0.001584
0.001759
0.001532
0.018175
0.005568
0.001554
0.001593
0.001697
0.001915
0.001463
0.001508
0.001697
0.001538
0.001474
0.002289
0.001669
0.001608
0.001465
0.001453
0.001556
0.001514
0.001495
0.001793
0.001520
0.001520
0.001532
0.001518
0.001741
0.001656
0.008597
0.004309
0.001653
0.001621
0.001559
0.001805
0.001514
0.001535
0.001758
0.001502
0.001579
0.001488
0.001477
0.001488
0.001602
0.001873
0.001548
0.001577
0.001557
0.001562
0.006015
0.001576
0.001596
0.001639
0.001576
0.001547
0.001916
0.001612
0.001586
0.001506
0.001502
0.001799
0.001493
0.001501
0.001493
0.001585
0.001658
0.001874
0.001556
0.001573
0.001529
0.001577
0.001888
0.003658
0.001566
0.001703
0.014312
0.002286
0.001557
0.001560
0.001478
0.001527
0.001535
0.001509
0.001475
0.001580
0.001601
0.001538
0.001494
0.001588
0.002466
0.001900
0.002944
0.007521
0.001509
0.001552
0.001473
0.001917
0.001677
0.001880
0.001624
0.001494
0.001534
0.001526
0.001773
0.001690
0.001526
0.001567
0.001715
0.001540
0.001525
0.001518
0.001473
0.001856
0.001638
0.001586
0.001558
0.001627
0.001928
0.001564
0.001617
0.001560
0.001502
0.001631
0.001781
0.001653
0.001577
0.001538
0.001659
0.001742
0.001678
0.001584
0.001503
0.001828
0.001511
0.004279
0.001588
0.001491
0.001564
0.001550
0.001561
0.001623
0.001549
0.001675
0.001554
0.001486
0.001528
0.001549
0.001769
0.001494
0.001495
0.001435
0.001473
0.001604
0.003870
0.007196
0.001595
0.001918
0.001569
0.001548
0.001643
0.001520
0.001675
0.001567
0.001573
0.001746
0.001599
0.001508
0.001629
0.001644
0.002271
0.001496
0.001579
0.001569
0.001570
0.001663
0.001739
0.001814
0.001609
0.001516
0.001492
0.001444
0.001497
0.002476
0.001871
0.001514
0.001538
0.002044
0.001624
0.001509
0.001527
0.001711
0.001736
0.001607
0.001460
0.003003
0.001656
0.001640
0.001521
0.001623
0.001614
0.001614
0.001849
0.001524
0.001545
0.001566
0.001489
0.001506
0.001613
0.001508
0.001492
0.001524
0.001815
0.001492
0.001526
0.001479
0.001469
0.001534
0.001629
0.001656
0.007212
0.001753
0.002889
0.001443
0.001508
0.001525
0.001474
0.001710
0.001519
0.001818
0.001484
0.003947
0.001628
0.001583
0.001801
0.002197
0.001541
0.001682
0.001498
0.001537
0.003999
0.007192
0.001800
0.001667
0.001607
0.001597
0.001659
0.001601
0.001517
0.001549
0.001609
0.001515
0.001578
0.001484
0.005227
0.001517
0.001479
0.001634
0.005048
0.001487
0.001487
0.001577
0.001693
0.007459
0.001511
0.002001
0.001676
0.001536
0.001512
0.001604
0.001570
0.004313
0.002075
0.001726
0.001528
0.001613
0.001569
0.001449
0.004051
0.001565
0.001534
0.001638
0.001839
0.001546
0.001524
0.001584
0.001613
0.001519
0.001486
0.001521
0.001559
0.001556
0.001924
0.002055
0.003825
0.001506
0.001571
0.001575
0.001623
0.001522
0.045392
0.001483
0.001563
0.001552
0.001773
0.001579
0.001633
0.001620
0.001499
0.001543
0.002919
0.001531
0.001719
0.001543
0.001613
0.001467
0.001621
0.001577
0.001532
0.001529
0.001652
0.001672
0.001780
0.001736
0.001588
0.001544
0.001562
0.001614
0.001591
0.001865
0.003681
0.001656
0.001516
0.001595
0.001524
0.001589
0.001754
0.001592
0.001617
0.001624
0.001850
0.001648
0.001516
0.028123
0.001557
0.001554
0.001588
0.001847
0.001626
0.001623
0.001618
0.001751
0.001783
0.001464
0.001477
0.001502
0.001542
0.003469
0.001465
0.001637
0.001491
0.001724
0.001858
0.001525
0.001485
0.001667
0.001622
0.001821
0.001537
0.001563
0.001621
0.001516
0.001549
0.001520
0.001549
0.001544
0.001509
0.001523
0.003948
0.001554
0.001580
0.013623
0.001580
0.001495
0.001499
0.001600
0.001572
0.001681
0.001509
0.001507
0.001412
0.001461
0.001460
0.001435
0.001808
0.001540
0.001560
0.001580
0.006062
0.001476
0.005402
0.001493
0.001530
0.001892
0.001736
0.001570
0.002441
0.001642
0.001544
0.001500
0.001473
0.001535
0.001547
0.001845
0.001517
0.001551
0.001496
0.001512
0.001550
0.006840
0.003227
0.001760
0.001508
0.001523
0.001526
0.001657
0.001535
0.001938
0.001605
0.001530
0.001610
0.001721
0.001852
0.001571
0.001629
0.001722
0.001530
0.001710
0.001558
0.001496
0.001582
0.001566
0.001976
0.001565
0.001530
0.001708
0.001552
0.001769
0.001649
0.001546
0.001553
0.001541
0.001710
0.001494
0.001547
0.001486
0.001560
0.001769
0.003804
0.001503
0.006405
0.001648
0.001551
0.001503
0.001544
0.001517
0.001846
0.001617
0.001504
0.001628
0.001643
0.001724
0.001488
0.001478
0.001523
0.002692
0.001535
0.001595
0.001627
0.001646
0.001591
0.001668
0.001644
0.001752
0.001457
0.001626
0.001746
0.001837
0.001595
0.001556
0.001569
0.001557
0.001931
0.001582
0.001507
0.001639
0.001516
0.001892
0.001778
0.001489
0.003753
0.001484
0.081269
0.001507
0.001564
0.002001
0.001577
0.001593
0.001734
0.001556
0.001593
0.001616
0.001549
0.001635
0.001711
0.001569
0.001571
0.001542
0.003716
0.001547
0.001459
0.001563
0.001577
0.001754
0.015455
0.010400
0.001608
0.001602
0.001472
0.010591
0.001600
0.048440
0.009692
0.009171
0.009324
0.010016
0.001729
0.001696
0.027413
0.001513
0.001509
0.002242
0.001555
0.001725
0.001621
0.001529
0.001527
0.001465
0.001608
0.001502
0.002410
0.001725
0.001697
0.001536
0.001632
0.001530
0.001503
0.001606
0.001636
0.001564
0.001679
0.001629
0.001653
0.001604
0.001559
0.001559
0.045467
0.001629
0.001517
0.001520
0.001671
0.001575
0.001842
0.001539
0.001520
0.001905
0.004883
0.001665
0.001580
0.001681
0.001653
0.003566
0.001510
0.002626
0.001573
0.014297
0.080932
0.001568
0.001638
0.001534
0.001478
0.001597
0.001970
0.001538
0.001471
0.002258
0.001572
0.001534
0.001850
0.001518
0.001963
0.001635
0.013752
0.001614
0.001580
0.001615
0.001537
0.001712
0.001531
0.001632
0.001629
0.002052
0.001619
0.001657
0.001772
0.001632
0.001558
0.001560
0.001506
0.001546
0.001462
0.001613
0.001616
0.001502
0.001410
0.001564
0.001582
0.011139
0.001555
0.001749
0.001570
0.001688
0.001897
0.001658
0.001588
0.001804
0.006074
0.001492
0.001577
0.001955
0.002000
0.001592
0.001761
0.018742
0.001497
0.001896
0.001549
0.001956
0.001793
0.001883
0.001672
0.001587
0.001595
0.001556
0.001761
0.001468
0.001548
0.001453
0.001510
0.071009
0.003454
0.001466
0.001443
0.001466
0.001600
0.001604
0.001508
0.001713
0.001472
0.001560
0.001567
0.001507
0.001614
0.001607
0.001611
0.001752
0.001513
0.001467
0.001698
0.001933
0.001501
0.001657
0.001613
0.001690
0.001706
0.001615
0.001517
0.001470
0.001983
0.001628
0.001476
0.001636
0.001702
0.001691
0.001512
0.001593
0.001495
0.001547
0.001722
0.001883
0.001621
0.001493
0.001784
0.001578
0.001567
0.001606
0.001832
0.001521
0.001471
0.001512
0.001513
0.001507
0.001512
0.009677
0.001690
0.001668
0.001590
0.001587
0.001476
0.001485
0.001577
0.001593
0.002056
0.001527
0.001506
0.001638
0.001551
0.001610
0.001772
0.001589
0.004294
0.001522
0.001673
0.001543
0.001609
0.001593
0.001509
0.001544
0.001963
0.001640
0.001464
0.001572
0.001579
0.001665
0.001605
0.001501
0.001504
0.001434
0.002670
0.001515
0.001518
0.001535
0.001596
0.001546
0.001496
0.001484
0.001498
0.001758
0.001593
0.001580
0.001496
0.001537
0.001697
0.001483
0.002189
0.001532
0.001537
0.001578
0.001525
0.001579
0.001618
0.002002
0.001943
0.001562
0.001553
0.001588
0.001616
0.001629
0.005451
0.001610
0.001700
0.001521
0.001946
0.001473
0.001621
0.001562
0.001625
0.001611
0.001629
0.001658
0.001578
0.001669
0.001686
0.001955
0.001842
0.001602
0.001592
0.001499
0.001492
0.001627
0.001459
0.001628
0.001616
0.001694
0.001944
0.001695
0.001483
0.001488
0.001519
0.002093
0.001521
0.001485
0.001512
0.001795
0.001642
0.001714
0.001528
0.001553
0.001517
0.001516
0.001675
0.001894
0.001520
0.001687
0.001523
0.001517
0.001858
0.001645
0.001526
0.001576
0.001611
0.001889
0.001476
0.001509
0.001533
0.001543
0.012230
0.001658
0.001543
0.001624
0.001590
0.001522
0.001525
0.028328
0.002201
0.001535
0.001639
0.001563
0.001554
0.001749
0.001616
0.001468
0.001956
0.001839
0.001652
0.001439
0.001627
0.001641
0.001552
0.001624
0.001543
0.001605
0.002432
0.001608
0.001593
0.001542
0.001869
0.001588
0.001510
0.001583
0.001529
0.001812
0.001565
0.001475
0.001512
0.001664
0.001622
0.029495
0.001533
0.001644
0.005411
0.001551
0.001822
0.001508
0.001515
0.001478
0.001641
0.001479
0.001607
0.001504
0.001462
0.001661
0.012071
0.001543
0.001491
0.001552
0.001597
0.001540
0.001766
0.001540
0.001654
0.001539
0.001578
0.001549
0.001548
0.001926
0.001753
0.001571
0.001483
0.001587
0.001535
0.001849
0.001592
0.001488
0.001514
0.002660
0.001540
0.001631
0.001482
0.001572
0.001727
0.001498
0.001574
0.001413
0.001535
0.001593
0.001578
0.001527
0.001521
0.001533
0.001591
0.001553
0.001554
0.001525
0.001521
0.001544
0.013459
0.001651
0.001944
0.001608
0.001579
0.001488
0.001597
0.001939
0.001552
0.002389
0.001749
0.001629
0.001812
0.001579
0.001541
0.001707
0.002141
0.001710
0.001548
0.001520
0.001489
0.001487
0.001583
0.005399
0.001666
0.001635
0.001527
0.001503
0.001554
0.001958
0.001604
0.001616
0.001552
0.001567
0.001697
0.001794
0.001533
0.001534
0.002076
0.001477
0.001814
0.001564
0.001495
0.001628
0.001487
0.001572
0.001524
0.001641
0.001621
0.001497
0.006052
0.001666
0.001964
0.001669
0.001637
0.004052
0.001588
0.003989
0.001611
0.001522
0.001538
0.004074
0.001574
0.001592
0.001465
0.001479
0.002219
0.001619
0.010794
0.003548
0.001462
0.001910
0.001947
0.001574
0.001542
0.001638
0.001556
0.001765
0.001598
0.004884
0.001704
0.001774
0.001568
0.038065
0.001856
0.001662
0.001676
0.001643
0.001613
0.001420
0.001481
0.001523
0.001587
0.001530
0.021260
0.001561
0.001748
0.001515
0.001624
0.001605
0.001708
0.001661
0.001480
0.001494
0.001530
0.001494
0.001567
0.001542
0.001658
0.001530
0.001616
0.001573
0.001742
0.001461
0.001620
0.001721
0.001515
0.001703
0.001597
0.001535
0.001511
0.001593
0.001816
0.001580
0.001609
0.001558
0.002049
0.001445
0.001529
0.001535
0.001797
0.001498
0.002064
0.001621
0.002180
0.001483
0.001521
0.001499
0.001467
0.001772
0.001544
0.003733
0.001815
0.001491
0.080200
0.001507
0.001532
0.001499
0.001631
0.002874
0.002310
0.003047
0.003037
0.002810
0.003079
0.002340
0.002821
0.001568
0.002340
0.051788
0.001494
0.001450
0.001783
0.001687
0.001596
0.001541
0.001484
0.001770
0.001588
0.001541
0.001602
0.001848
0.001908
0.001557
0.001544
0.001518
0.001782
0.001533
0.001534
0.001663
0.001638
0.001505
0.002342
0.001565
0.001489
0.001691
0.001530
0.001637
0.001562
0.001840
0.001513
0.002154
0.001499
0.001631
0.001530
0.001637
0.001685
0.001623
0.001624
0.001595
0.005412
0.001682
0.001591
0.061460
0.001525
0.001612
0.001574
0.001530
0.001625
0.001492
0.001790
0.001862
0.001850
0.001595
0.001688
0.001754
0.001497
0.001688
0.001608
0.001536
0.001533
0.001757
0.001521
0.003842
0.001824
0.001553
0.001546
0.001533
0.001603
0.001570
0.001714
0.001588
0.001568
0.001656
0.001595
0.001527
0.001527
0.001600
0.001663
0.001505
0.001549
0.001905
0.001522
0.001583
0.001587
0.003167
0.001752
0.001693
0.001574
0.001532
0.001586
0.001562
0.001910
0.001503
0.001636
0.001667
0.001607
0.001554
0.001629
0.001511
0.001603
0.001597
0.001603
0.001530
0.001609
0.001627
0.001549
0.001875
0.001559
0.001632
0.001730
0.001536
0.001741
0.001472
0.001578
0.001669
0.001619
0.001904
0.001657
0.001552
0.001568
0.001621
0.001516
0.001577
0.001513
0.001601
0.001550
0.001573
0.005032
0.001654
0.001615
0.001592
0.001494
0.001552
0.001615
0.001855
0.001544
0.001552
0.001647
0.002634
0.001881
0.001501
0.001608
0.001790
0.001648
0.001669
0.001523
0.001579
0.001618
0.001550
0.001549
0.001606
0.001615
0.001796
0.001506
0.001557
0.001519
0.001557
0.001660
0.001830
0.001527
0.001481
0.001472
0.001508
0.001755
0.001542
0.001545
0.001498
0.001504
0.001507
0.001552
0.001495
0.001481
0.001497
0.002017
0.001522
0.001720
0.001525
0.001709
0.001569
0.001494
0.001579
0.001675
0.001525
0.001556
0.001611
0.001853
0.001597
0.001587
0.001841
0.001692
0.001695
0.001568
0.001567
0.001509
0.001520
0.001434
0.001635
0.001671
0.002462
0.004156
0.001624
0.001554
0.001609
0.001633
0.001624
0.001462
0.001528
0.001706
0.001559
0.001545
0.001558
0.001513
0.001537
0.001725
0.001478
0.001535
0.001557
0.001718
0.001613
0.001571
0.002164
0.012292
0.001463
0.001457
0.001705
0.001629
0.001662
0.001554
0.001511
0.001758
0.001685
0.001721
0.002276
0.005065
0.001623
0.001598
0.001578
0.001491
0.001608
0.001617
0.001575
0.001630
0.001572
0.001551
0.001640
0.001526
0.001495
0.001739
0.001735
0.001605
0.001478
0.001504
0.001635
0.002598
0.001677
0.001629
0.001702
0.001659
0.001544
0.001536
0.001585
0.001754
0.001646
0.005775
0.001867
0.017445
0.002782
0.001481
0.001602
