0.013827
0.014516
0.003194
0.001639
0.011559
0.003261
0.014931
0.001623
0.001854
0.001649
0.019414
0.009082
0.021015
0.008865
0.001844
0.008849
0.005512
0.008708
0.001647
0.015317
0.011967
0.002489
0.026182
0.015253
0.007371
0.010389
0.001730
0.001628
0.008702
0.001746
0.001652
0.008099
0.003378
0.009970
0.001763
0.016135
0.001658
0.008064
0.006798
0.014399
0.010111
0.006459
0.012319
0.001757
0.007120
0.001578
0.001639
0.001731
0.010888
0.002549
0.011133
0.001669
0.018892
0.007442
0.002306
0.014814
0.001732
0.008531
0.001666
0.001647
0.015169
0.012835
0.001709
0.011324
0.010694
0.002140
0.013764
0.001647
0.004462
0.005630
0.001713
0.011934
0.003575
0.003777
0.009569
0.002410
0.014992
0.008193
0.003074
0.004106
0.007592
0.001660
0.001697
0.023349
0.011149
0.009298
0.001698
0.006601
0.001737
0.001615
0.012417
0.002818
0.001632
0.008750
0.001868
0.009902
0.001691
0.004423
0.007210
0.002218
0.002880
0.015168
0.005951
0.001666
0.003945
0.010716
0.002162
0.001657
0.008834
0.001706
0.001701
0.012059
0.001693
0.044389
0.014828
0.010338
0.011421
0.007562
0.005437
0.010203
0.001867
0.010477
0.001722
0.011242
0.003318
0.015108
0.010669
0.002770
0.010938
0.002701
0.001635
0.012212
0.019106
0.007838
0.001647
0.014190
0.005641
0.007269
0.010589
0.002130
0.023358
0.009402
0.001722
0.015114
0.011145
0.001714
0.010640
0.003943
0.001525
0.006587
0.007197
0.007654
0.002560
0.003733
0.007321
0.014161
0.001811
0.004902
0.007902
0.001545
0.011024
0.001714
0.001618
0.009142
0.001736
0.012118
0.003309
0.002861
0.006465
0.001764
0.001659
0.001633
0.005545
0.002378
0.001680
0.001597
0.006108
0.004838
0.022987
0.014931
0.007057
0.002815
0.006529
0.002103
0.001631
0.019623
0.007706
0.002070
0.002151
0.021224
0.004344
0.001632
0.011960
0.002670
0.014366
0.010629
0.002306
0.010508
0.003133
0.014917
0.028035
0.013753
0.013434
0.007074
0.008689
0.005373
0.010529
0.001605
0.001655
0.012463
0.004177
0.006086
0.002766
0.002893
0.010780
0.003612
0.009233
0.002291
0.013938
0.011644
0.002961
0.010150
0.001715
0.024636
0.025061
0.010444
0.001912
0.001758
0.023341
0.008183
0.006594
0.001588
0.010628
0.001935
0.001702
0.012383
0.001718
0.001724
0.009840
0.002101
0.001637
0.008883
0.002598
0.001733
0.007878
0.004177
0.016584
0.014360
0.007466
0.001745
0.001651
0.011470
0.002565
0.011369
0.002711
0.010331
0.002042
0.010084
0.015755
0.001840
0.011930
0.001723
0.012339
0.001659
0.002094
0.012488
0.009938
0.003156
0.002025
0.007759
0.002357
0.001812
0.008098
0.003342
0.001764
0.007019
0.001643
0.001788
0.008223
0.006505
0.010763
0.002685
0.014632
0.001593
0.006813
0.003697
0.001672
0.023505
0.006931
0.009990
0.009720
0.002047
0.001720
0.001998
0.009451
0.003602
0.001668
0.007974
0.002655
0.009627
0.001681
0.004493
0.006489
0.006291
0.010959
0.013199
0.001906
0.011622
0.002064
0.004216
0.007314
0.002223
0.003159
0.006839
0.001776
0.002709
0.010770
0.001668
0.014449
0.011307
0.001988
0.008978
0.002622
0.025241
0.014025
0.011190
0.010523
0.003889
0.010401
0.001698
0.016528
0.001758
0.008156
0.002163
0.002666
0.009019
0.004298
0.014400
0.010214
0.001647
0.001572
0.009623
0.001637
0.001732
0.016569
0.034505
0.019309
0.013884
0.019092
0.007419
0.009973
0.002797
0.006970
0.012325
0.007071
0.015117
0.010711
0.002836
0.001702
0.007981
0.001655
0.001737
0.008191
0.001847
0.011750
0.001709
0.015410
0.003042
0.010088
0.001691
0.001639
0.009498
0.002561
0.001643
0.007633
0.002354
0.022923
0.006790
0.002318
0.014384
0.010934
0.001654
0.001636
0.009418
0.004589
0.007180
0.003431
0.008926
0.001551
0.011294
0.001866
0.012209
0.001680
0.003512
0.022449
0.001665
0.001753
0.001709
0.010133
0.001752
0.001582
0.007277
0.006126
0.008042
0.001715
0.012571
0.001915
0.002263
0.010840
0.001960
0.001710
0.008840
0.001693
0.001643
0.008597
0.001854
0.001603
0.008962
0.001993
0.002639
0.010557
0.003571
0.006898
0.001720
0.011081
0.004348
0.001582
0.006231
0.001600
0.015243
0.005381
0.021575
0.003806
0.001921
0.007818
0.002630
0.003034
0.010277
0.001672
0.012261
0.002728
0.010429
0.004228
0.030749
0.008157
0.004499
0.002107
0.010051
0.003595
0.006706
0.001838
0.001601
0.001924
0.006666
0.001685
0.001722
0.001696
0.008145
0.001726
0.003737
0.007578
0.001885
0.014982
0.008443
0.003542
0.001671
0.011921
0.001902
0.001708
0.008640
0.001714
0.020815
0.027675
0.008704
0.001899
0.015649
0.004099
0.009166
0.002283
0.001572
0.008567
0.002511
0.001658
0.008165
0.001854
0.001650
0.008363
0.001676
0.003615
0.006863
0.001907
0.002067
0.001791
0.022365
0.001707
0.013185
0.001757
0.001627
0.009490
0.001673
0.001599
0.001626
0.006001
0.001591
0.003229
0.006662
0.005492
0.010090
0.001657
0.001671
0.009645
0.026175
0.007193
0.002358
0.006250
0.002098
0.003177
0.006660
0.002312
0.014455
0.001648
0.001602
0.012514
0.001795
0.023902
0.001577
0.001761
0.016241
0.007110
0.001617
0.013979
0.001727
0.001679
0.009688
0.001949
0.001611
0.015261
0.007213
0.001740
0.001578
0.009324
0.012823
0.003156
0.001662
0.009336
0.004447
0.010532
0.001707
0.009518
0.001851
0.013692
0.003305
0.002062
0.008674
0.016552
0.002004
0.007473
0.002438
0.002881
0.010066
0.003010
0.009607
0.006082
0.007463
0.004105
0.009922
0.001678
0.002245
0.007740
0.001607
0.010333
0.001895
0.011759
0.136857
0.006951
0.003403
0.002696
0.002851
0.009387
0.003712
0.011153
0.001756
0.011709
0.029715
0.011754
0.010871
0.009600
0.001689
0.015250
0.011164
0.002783
0.010872
0.002646
0.018540
0.007271
0.013234
0.003423
0.002339
0.007006
0.001639
0.003076
0.011002
0.001728
0.001645
0.008994
0.002608
0.001921
0.010628
0.012066
0.002287
0.010601
0.001701
0.001758
0.001613
0.013361
0.008483
0.001819
0.025020
0.007606
0.001719
0.011189
0.002282
0.014916
0.007056
0.001704
0.001711
0.010433
0.001694
0.002173
0.006781
0.002089
0.005090
0.013505
0.007917
0.003360
0.001616
0.011835
0.002220
0.010243
0.003500
0.009534
0.003406
0.001647
0.012508
0.010802
0.006370
0.007279
0.001905
0.011014
0.001759
0.003728
0.010650
0.002737
0.013599
0.006493
0.002093
0.001917
0.013587
0.013169
0.001710
0.004248
0.007329
0.001647
0.003140
0.007742
0.014334
0.001670
0.002378
0.014673
0.001768
0.005840
0.001629
0.001810
0.002384
0.007477
0.005161
0.007003
0.007291
0.007168
0.001636
0.001681
0.014219
0.001654
0.022710
0.017682
0.009063
0.008534
0.002464
0.010903
0.002715
0.010416
0.001733
0.001847
0.008988
0.002359
0.002157
0.010868
0.003478
0.007021
0.005404
0.015015
0.007321
0.002323
0.002629
0.010894
0.001967
0.035947
0.012842
0.007092
0.002235
0.012509
0.014198
0.003310
0.007575
0.016657
0.001763
0.001632
0.001689
0.007106
0.001852
0.001697
0.006530
0.002565
0.001970
0.007525
0.003627
0.002366
0.013892
0.011587
0.001644
0.001816
0.010934
0.005251
0.006494
0.001622
0.001611
0.016447
0.005953
0.002017
0.003586
0.006864
0.001674
0.013300
0.026306
0.008264
0.009821
0.001626
0.001573
0.009700
0.001803
0.001802
0.001744
0.006897
0.004391
0.014699
0.001729
0.007713
0.006175
0.006758
0.002852
0.008516
0.001936
0.005322
0.010444
0.003199
0.010520
0.002767
0.010542
0.001882
0.001582
0.008658
0.001956
0.001658
0.012601
0.013927
0.003456
0.006509
0.001675
0.001942
0.014271
0.001663
0.009432
0.001948
0.001616
0.010686
0.002348
0.011068
0.001686
0.001710
0.006641
0.001638
0.003630
0.006474
0.001589
0.015107
0.001730
0.001702
0.006650
0.004935
0.007033
0.005574
0.001635
0.011640
0.001714
0.007233
0.001905
0.019892
0.009943
0.002887
0.027915
0.009271
0.011131
0.008063
0.014571
0.001635
0.011064
0.004824
0.015675
0.001970
0.007496
0.006093
0.006580
0.001587
0.003524
0.005677
0.003669
0.011756
0.001739
0.001670
0.011210
0.003763
0.046315
0.010837
0.001656
0.001756
0.007979
0.001786
0.012137
0.001688
0.001661
0.008800
0.001589
0.001630
0.013581
0.005482
0.005952
0.001640
0.004318
0.007641
0.001670
0.003011
0.006895
0.002477
0.001592
0.018418
0.007965
0.001770
0.003131
0.012768
0.014976
0.011964
0.001867
0.011748
0.002750
0.006637
0.001684
0.029601
0.008010
0.007511
0.015961
0.007910
0.004981
0.013732
0.010729
0.003048
0.013987
0.001558
0.008419
0.006498
0.005169
0.005192
0.001691
0.025282
0.001690
0.012523
0.014024
0.001692
0.001565
0.001894
0.007227
0.001703
0.001863
0.006518
0.004201
0.001640
0.011437
0.001720
0.010649
0.004326
0.005179
0.002345
0.001611
0.013094
0.013682
0.001900
0.005004
0.010296
0.002042
0.016095
0.007502
0.001639
0.002566
0.009553
0.001741
0.021180
0.010151
0.001715
0.008327
0.001875
0.002882
0.009942
0.001652
0.011887
0.003538
0.025894
0.011031
0.006917
0.001723
0.008078
0.001723
0.001588
0.008481
0.006217
0.007324
0.001659
0.001780
0.011929
0.001782
0.001639
0.008976
0.013317
0.001661
0.001953
0.017128
0.005704
0.001629
0.001675
0.002117
0.011194
0.001787
0.001639
0.051259
0.008400
0.001699
0.007372
0.001800
0.014088
0.001697
0.001928
0.006548
0.004621
0.001801
0.009049
0.004522
0.008626
0.006613
0.006928
0.002423
0.002427
0.015058
0.015458
0.009850
0.002986
0.013351
0.001711
0.008015
0.001792
0.001805
0.007342
0.003233
0.001766
0.007012
0.001643
0.003653
0.007094
0.001659
0.003475
0.010737
0.019221
0.018487
0.006021
0.003132
0.014040
0.001601
0.008423
0.006456
0.007596
0.001641
0.001688
0.023043
0.007361
0.010476
0.005270
0.007963
0.002065
0.018372
0.011412
0.001677
0.001646
0.006374
0.001743
0.003078
0.009031
0.005598
0.006082
0.001589
0.001864
0.001649
0.007216
0.001963
0.002899
0.007192
0.001900
0.001660
0.016127
0.021687
0.007819
0.001775
0.013414
0.011521
0.014392
0.002809
0.007179
0.001928
0.002909
0.014826
0.001827
0.005615
0.001798
0.001611
0.014606
0.001791
0.007496
0.002262
0.003980
0.010058
0.002375
0.009877
0.021660
0.008799
0.001685
0.009161
0.001848
0.004703
0.007215
0.002558
0.001617
0.011458
0.014498
0.001772
0.001693
0.006170
0.004960
0.001670
0.008617
0.001565
0.014642
0.003583
0.006596
0.001739
0.001631
0.015513
0.001761
0.036656
0.008636
0.008476
0.001913
0.003071
0.007273
0.002310
0.001642
0.008045
0.002187
0.003041
0.010578
0.012247
0.001716
0.001728
0.015035
0.002871
0.005858
0.001696
0.001636
0.008427
0.006431
0.011497
0.001814
0.015357
0.005810
0.002306
0.001863
0.014695
0.004475
0.007083
0.006107
0.006393
0.004993
0.012190
0.001692
0.001757
0.027912
0.001757
0.005863
0.001598
0.002163
0.001700
0.008441
0.019410
0.001783
0.006434
0.002086
0.013266
0.003961
0.001734
0.006065
0.001637
0.017312
0.001506
0.009456
0.001783
0.003273
0.005956
0.003073
0.002049
0.011013
0.003476
0.009982
0.001934
0.001725
0.009450
0.001637
0.001626
0.006728
0.004660
0.001688
0.011746
0.001619
0.012005
0.002478
0.011137
0.001832
0.011708
0.002094
0.010930
0.013639
0.001614
0.004573
0.006597
0.001681
0.001599
0.012638
0.013561
0.001732
0.008579
0.001710
0.001557
0.001852
0.009511
0.001671
0.001683
0.009294
0.002620
0.010780
0.002477
0.002845
0.007233
0.005775
0.006737
0.001753
0.001611
0.012247
0.023493
0.015941
0.009050
0.002192
0.007739
0.002120
0.002875
0.006994
0.005956
0.010473
0.001704
0.001748
0.009315
0.002605
0.010218
0.001587
0.001626
0.009067
0.006360
0.006006
0.001614
0.001807
0.013802
0.001726
0.007417
0.031822
0.012598
0.008024
0.007589
0.007302
0.007027
0.002822
0.001658
0.011121
0.001723
0.012344
0.001685
0.001775
0.008257
0.005146
0.008747
0.006010
0.007721
0.001633
0.002006
0.008091
0.001694
0.003742
0.007207
0.002117
0.001938
0.018683
0.007018
0.002881
0.002021
0.005857
0.001663
0.001681
0.001967
0.006407
0.001632
0.001679
0.008061
0.002924
0.002349
0.035485
0.010212
0.001939
0.010285
0.001672
0.007956
0.001744
0.004419
0.007231
0.001867
0.010369
0.001715
0.001546
0.001790
0.010262
0.018121
0.001675
0.007041
0.001605
0.001615
0.010502
0.001661
0.004167
0.006656
0.005528
0.014940
0.010638
0.002989
0.009706
0.014102
0.001721
0.016052
0.001773
0.007889
0.001588
0.001607
0.008413
0.001560
0.001639
0.001687
0.004173
0.002224
0.001931
0.015956
0.001844
0.005936
0.001834
0.001609
0.008202
0.001692
0.013249
0.001627
0.002223
0.010535
0.002814
0.010859
0.001699
0.001628
0.008798
0.001680
0.001608
0.011564
0.003115
0.006607
0.001635
0.001620
0.009457
0.006021
0.009440
0.001616
0.009549
0.025401
0.007376
0.001525
0.001767
0.007830
0.002242
0.018974
0.007684
0.001768
0.001767
0.010541
0.002100
0.011885
0.002824
0.001711
0.008458
0.001726
0.003515
0.010862
0.002533
0.007022
0.002596
0.001918
0.007719
0.041933
0.010847
0.009948
0.001687
0.004893
0.005826
0.002342
0.001683
0.011332
0.001714
0.012542
0.004117
0.006097
0.001596
0.001734
0.013901
0.002481
0.008015
0.001643
0.001788
0.007509
0.003387
0.013670
0.002107
0.001609
0.009286
0.001785
0.007358
0.002080
0.001700
0.019210
0.010893
0.001746
0.007204
0.001764
0.003872
0.007118
0.004981
0.019135
0.009641
0.008529
0.001649
0.001658
0.009192
0.001740
0.001861
0.016041
0.006319
0.001647
0.004948
0.005859
0.001646
0.002111
0.011584
0.010505
0.002011
0.014054
0.001636
0.001643
0.019899
0.007199
0.001765
0.010987
0.001665
0.001770
0.009005
0.001664
0.001857
0.008095
0.002693
0.001627
0.008060
0.001539
0.003894
0.009795
0.011018
0.001599
0.001642
0.001665
0.015997
0.008950
0.002586
0.009425
0.001661
0.001610
0.009907
0.002484
0.008686
0.003602
0.009824
0.003467
0.009755
0.002152
0.019587
0.009429
0.003642
0.001779
0.012073
0.001737
0.007435
0.004361
0.007609
0.002818
0.025113
0.007474
0.001709
0.008453
0.002226
0.002913
0.007260
0.001593
0.015050
0.001682
0.001649
0.010153
0.001810
0.010345
0.001914
0.001711
0.007191
0.002612
0.007574
0.001952
0.017032
0.001639
0.009567
0.005541
0.008070
0.031140
0.013463
0.014116
0.011255
0.010427
0.002950
0.011201
0.001870
0.023390
0.001888
0.004463
0.006908
0.003707
0.009621
0.003097
0.001984
0.008409
0.001686
0.001856
0.012164
0.001654
0.007288
0.001634
0.001956
0.023658
0.010683
0.007467
0.001883
0.002408
0.006776
0.001761
0.010106
0.003167
0.034361
0.007417
0.001698
0.008517
0.001713
0.001873
0.007088
0.001540
0.001581
0.001735
0.007227
0.001677
0.004342
0.005828
0.002466
0.001816
0.150812
0.057250
0.013082
0.007229
0.020891
0.010922
0.006983
0.004812
0.039827
0.006701
0.014134
0.001801
0.026258
0.001679
0.060898
0.003067
0.018496
0.015204
0.014127
0.014436
0.010432
0.001597
0.016343
0.015139
0.001860
0.075036
0.002518
0.030507
0.002805
0.014901
0.010241
0.019237
0.010936
0.001765
0.003092
0.010085
0.001614
0.011863
0.001619
0.001841
0.009493
0.017708
0.015065
0.002021
0.012238
0.002524
0.010838
0.002625
0.012827
0.023465
0.004631
0.016445
0.001857
0.027400
0.001759
0.011752
0.003676
0.011108
0.018450
0.011901
0.013814
0.001742
0.018534
0.012036
0.001698
0.027369
0.015359
0.001649
0.015437
0.001831
0.011899
0.001714
0.007617
0.002787
0.001649
0.009396
0.011831
0.001557
0.001624
0.001647
0.016431
0.008914
0.014134
0.001702
0.001603
0.001744
0.006201
0.001671
0.001601
0.001853
0.011050
0.001714
0.006963
0.002639
0.002646
0.010776
0.001700
0.001733
0.008453
0.001755
0.001646
0.008892
0.002694
0.010287
0.001713
0.004264
0.030866
0.014806
0.009692
0.001656
0.016785
0.001682
0.011513
0.001660
0.007836
0.003110
0.001617
0.001708
0.006180
0.001595
0.002845
0.010687
0.001627
0.013276
0.010566
0.001666
0.001657
0.001652
0.001593
0.006310
0.033676
0.012178
0.005752
0.013803
0.001678
0.013307
0.008438
0.001717
0.001722
0.001686
0.007166
0.002447
0.003027
0.006994
0.006530
0.010155
0.006189
0.007950
0.002673
0.010180
0.003039
0.001630
0.008000
0.003125
0.001623
0.007396
0.001642
0.005699
0.006127
0.002241
0.001668
0.014676
0.001691
0.008733
0.005269
0.009962
0.001648
0.001657
0.007948
0.002401
0.009951
0.023678
0.006751
0.002260
0.001704
0.014906
0.015839
0.009863
0.003481
0.002081
0.008503
0.017160
0.003124
0.010926
0.013450
0.001714
0.001683
0.008393
0.001740
0.014785
0.001636
0.014298
0.014712
0.001720
0.011795
0.013657
0.001654
0.016959
0.001702
0.012020
0.003544
0.005758
0.001616
0.001689
0.011668
0.001669
0.009202
0.007720
0.009781
0.002287
0.014850
0.002846
0.001907
0.013353
0.001654
0.003987
0.007457
0.005496
0.007477
0.002670
0.001654
0.015330
0.015444
0.014561
0.001774
0.029723
0.010435
0.001673
0.002201
0.009412
0.001702
0.010093
0.002187
0.001689
0.014057
0.003026
0.014021
0.014816
0.010685
0.001693
0.001755
0.008825
0.013091
0.001603
0.001616
0.001572
0.063118
0.008623
0.001772
0.001654
0.001831
0.010495
0.001760
0.001570
0.007921
0.001675
0.001625
0.001612
0.006898
0.003765
0.013410
0.013292
0.006481
0.008249
0.002421
0.009681
0.014863
0.003819
0.010068
0.008760
0.006073
0.001774
0.009840
0.001631
0.001617
0.013924
0.001911
0.011261
0.003918
0.009597
0.001690
0.010860
0.031351
0.011365
0.010069
0.010091
0.001662
0.011604
0.001664
0.001622
0.012988
0.015330
0.018718
0.001664
0.008063
0.001650
0.011241
0.001638
0.001510
0.013042
0.001999
0.028010
0.013888
0.001678
0.010083
0.003337
0.016620
0.001760
0.009370
0.011594
0.004315
0.002778
0.008570
0.005288
0.007114
0.001795
0.001611
0.001714
0.009334
0.002502
0.001609
0.011795
0.001583
0.006775
0.025400
0.029872
0.007796
0.005347
0.001749
0.006883
0.001628
0.001604
0.010137
0.001725
0.001665
0.008189
0.027680
0.007003
0.011436
0.001694
0.002693
0.010318
0.001684
0.001621
0.009378
0.001780
0.009599
0.004446
0.002687
0.013198
0.001672
0.012407
0.007888
0.001724
0.014714
0.001669
0.009934
0.001627
0.034082
0.012054
0.001752
0.001696
0.002371
0.009136
0.013377
0.003704
0.012376
0.001621
0.010675
0.002418
0.002399
0.015297
0.010613
0.001661
0.015739
0.001670
0.006228
0.001594
0.001584
0.026239
0.010608
0.007685
0.002592
0.010916
0.002550
0.006930
0.002242
0.001635
0.001661
0.009368
0.002319
0.008955
0.008647
0.005575
0.020849
0.017874
0.010624
0.001740
0.015268
0.001728
0.006295
0.004148
0.001520
0.008705
0.005570
0.009271
0.019869
0.001748
0.013217
0.007762
0.008965
0.006594
0.001646
0.004770
0.006851
0.001717
0.001675
0.001712
0.006372
0.001643
0.003308
0.014696
0.007637
0.001744
0.002813
0.010853
0.001790
0.010276
0.004211
0.001661
0.007247
0.003448
0.008395
0.001787
0.006025
0.007886
0.001663
0.002188
0.011637
0.001671
0.001805
0.009915
0.011082
0.004835
0.001631
0.007661
0.001602
0.001646
0.011582
0.004732
0.008559
0.001731
0.010746
0.001937
0.002921
0.009753
0.013438
0.005712
0.002004
0.005087
0.022526
0.010635
0.002526
0.010288
0.001649
0.001582
0.009726
0.001661
0.010905
0.003885
0.002628
0.015126
0.006552
0.006567
0.011209
0.001642
0.001657
0.006003
0.014236
0.002779
0.001758
0.010312
0.050595
0.010834
0.001689
0.015445
0.005693
0.018935
0.008668
0.003068
0.010271
0.003184
0.027088
0.001802
0.011574
0.001602
0.002519
0.011933
0.001655
0.008268
0.002560
0.014086
0.002021
0.012813
0.002214
0.010914
0.001719
0.001673
0.005760
0.001592
0.003175
0.007067
0.001959
0.002946
0.028788
0.006497
0.013039
0.007401
0.001786
0.008900
0.022201
0.014760
0.011013
0.001689
0.011685
0.002642
0.014433
0.010942
0.012400
0.005002
0.001564
0.008040
0.002623
0.002893
0.014838
0.007445
0.001604
0.002992
0.007004
0.001743
0.016587
0.001654
0.001651
0.008293
0.005959
0.007770
0.001659
0.015660
0.001668
0.008508
0.001669
0.003935
0.006599
0.003748
0.001578
0.014044
0.001771
0.007282
0.001696
0.002304
0.012364
0.014493
0.002880
0.015491
0.010049
0.002511
0.010324
0.003291
0.010717
0.001610
0.011286
0.001698
0.022662
0.008441
0.002776
0.012761
0.012041
0.013648
0.004308
0.014032
0.001748
0.007974
0.003260
0.002753
0.009872
0.010428
0.002047
0.001598
0.009353
0.006619
0.007797
0.002850
0.042561
0.011029
0.010649
0.014762
0.018675
0.010587
0.009820
0.001695
0.001623
0.001735
0.006998
0.001630
0.003801
0.006437
0.001593
0.015527
0.014160
0.003821
0.010981
0.002675
0.012604
0.001675
0.001999
0.007051
0.001644
0.010402
0.001741
0.004627
0.009821
0.001706
0.011964
0.001670
0.001630
0.009043
0.001715
0.019824
0.025562
0.007364
0.008271
0.012662
0.001760
0.001635
0.002231
0.007942
0.002279
0.006791
0.002837
0.001701
0.015266
0.001743
0.008182
0.002423
0.002852
0.010741
0.002866
0.014175
0.012702
0.011593
0.001689
0.006297
0.010556
0.001666
0.016077
0.010034
0.002818
0.021516
0.010666
0.008381
0.002403
0.002926
0.009558
0.001680
0.012850
0.001739
0.010106
0.003780
0.001680
0.026490
0.001666
0.001729
0.007849
0.006053
0.015209
0.011053
0.001651
0.011160
0.013945
0.015830
0.002407
0.024401
0.008819
0.015538
0.006360
0.006802
0.001672
0.007790
0.002680
0.001741
0.008069
0.002394
0.014287
0.001694
0.008466
0.001863
0.003577
0.006967
0.002696
0.002842
0.010425
0.005329
0.008819
0.001667
0.049797
0.020799
0.010922
0.014540
0.001831
0.006671
0.003715
0.001646
0.010155
0.001672
0.015639
0.001703
0.008854
0.001650
0.001605
0.012280
0.001607
0.009983
0.001706
0.001624
0.008951
0.001635
0.001696
0.009025
0.002426
0.016515
0.013152
0.001667
0.020048
0.010639
0.009739
0.001770
0.021836
0.006801
0.005644
0.007268
0.002409
0.001732
0.007122
0.006918
0.007031
0.001664
0.003823
0.010254
0.003330
0.010855
0.006524
0.006589
0.005868
0.006322
0.001675
0.004952
0.008627
0.001603
0.001986
0.013902
0.001678
0.023917
0.005540
0.008563
0.001699
0.002418
0.007121
0.003093
0.001602
0.015183
0.006393
0.008123
0.001754
0.011411
0.015071
0.013340
0.004068
0.009098
0.002158
0.012183
0.001602
0.001689
0.009116
0.001662
0.011704
0.001810
0.002666
0.009343
0.004350
0.011952
0.008873
0.001777
0.015145
0.001678
0.001657
0.009697
0.003500
0.010343
0.001763
0.024054
0.007239
0.002626
0.008720
0.005743
0.006424
0.002125
0.002827
0.010354
0.001979
0.009605
0.001720
0.013635
0.001721
0.003681
0.006848
0.003559
0.002725
0.010892
0.025945
0.050253
0.011317
0.014958
0.016631
0.006922
0.012514
0.001861
0.002567
0.008254
0.006457
0.006338
0.001588
0.001710
0.001778
0.010507
0.001670
0.011580
0.001731
0.001687
0.009270
0.010999
0.001720
0.022298
0.007280
0.001703
0.001691
0.001712
0.006166
0.001777
0.001603
0.011848
0.003710
0.009833
0.001690
0.010244
0.001648
0.001660
0.001597
0.019408
0.008578
0.001606
0.009621
0.002859
0.011665
0.001903
0.001554
0.010166
0.001687
0.001641
0.006564
0.001707
0.001978
0.018535
0.006314
0.041374
0.012992
0.001908
0.006876
0.003226
0.001688
0.008246
0.001666
0.002585
0.009212
0.001644
0.002891
0.014200
0.012615
0.010451
0.001697
0.001633
0.001683
0.009319
0.001597
0.010719
0.001608
0.001589
0.014088
0.009815
0.001641
0.001602
0.024267
0.008039
0.007330
0.001658
0.002179
0.001602
0.009132
0.006189
0.010424
0.011892
0.001716
0.001630
0.001675
0.006856
0.002035
0.002913
0.009871
0.003652
0.015043
0.001524
0.015864
0.007216
0.001713
0.014422
0.003799
0.010212
0.003278
0.010833
0.013992
0.002350
0.001625
0.013372
0.001686
0.006094
0.001658
0.001562
0.001590
0.011888
0.001695
0.006961
0.014159
0.003105
0.002561
0.054394
0.007316
0.001804
0.007731
0.006600
0.011253
0.001772
0.007090
0.006481
0.008159
0.005113
0.010712
0.001738
0.003648
0.014627
0.012391
0.001596
0.007349
0.016580
0.003491
0.010646
0.002817
0.001958
0.007007
0.004390
0.001981
0.007094
0.006177
0.012673
0.012350
0.003268
0.018579
0.018692
0.007296
0.012446
0.004696
0.011984
0.001934
0.014697
0.007062
0.001973
0.003017
0.009690
0.003200
0.014440
0.002952
0.007415
0.001644
0.001609
0.001653
0.007393
0.001598
0.001751
0.011603
0.001640
0.001810
0.006272
0.004724
0.001618
0.009036
0.012839
0.008083
0.007185
0.002391
0.001630
0.007415
0.001641
0.011397
0.001697
0.001546
0.004745
0.008487
0.001663
0.001640
0.014414
0.008890
0.002321
0.001713
0.007889
0.001676
0.001618
0.008562
0.001649
0.004460
0.010792
0.002819
0.010149
0.002905
0.015316
0.010428
0.006729
0.006271
0.001718
0.011538
0.001781
0.001747
0.002142
0.010512
0.002518
0.010892
0.001691
0.022114
0.010472
0.008687
0.002422
0.019396
0.007970
0.004360
0.006885
0.002198
0.001790
0.010051
0.003920
0.001633
0.008492
0.005793
0.009314
0.001763
0.001782
0.006921
0.007455
0.003668
0.003530
0.046412
0.010532
0.010782
0.010596
0.002630
0.013649
0.022957
0.011316
0.015014
0.009626
0.003853
0.007099
0.006260
0.009941
0.001629
0.001559
0.006161
0.001618
0.014901
0.001714
0.001646
0.009583
0.002756
0.001712
0.011949
0.001746
0.007762
0.006751
0.006950
0.002610
0.002861
0.010871
0.001666
0.027871
0.008720
0.002485
0.009873
0.001631
0.001772
0.135901
0.007732
0.003717
0.009619
0.003897
0.003129
0.005709
0.006304
0.014929
0.010670
0.001642
0.011105
0.001669
0.001612
0.009281
0.001773
0.001745
0.008513
0.003156
0.001609
0.007319
0.001657
0.001677
0.012827
0.003769
0.006729
0.006696
0.010937
0.001679
0.001707
0.008796
0.002433
0.010878
0.001588
0.001616
0.006942
0.004391
0.010001
0.001648
0.001641
0.001698
0.006859
0.001747
0.001689
0.001565
0.019217
0.020805
0.010794
0.007311
0.002702
0.006880
0.002511
0.002884
0.006637
0.004490
0.001674
0.010344
0.001717
0.014762
0.010274
0.003085
0.010404
0.001747
0.001604
0.012698
0.001657
0.008984
0.002962
0.046717
0.013491
0.006994
0.014714
0.010891
0.002379
0.007040
0.001713
0.001615
0.001757
0.009129
0.014117
0.003420
0.001689
0.007863
0.002723
0.001570
0.010376
0.001745
0.008542
0.003438
0.009949
0.001703
0.002205
0.013198
0.001609
0.011650
0.012320
0.007197
0.007137
0.022612
0.022181
0.029613
0.016711
0.018736
0.013844
0.015868
0.010045
0.007594
0.004039
0.009198
0.006011
0.007034
0.006630
0.022649
0.001769
0.019834
0.009991
0.006307
0.006155
0.003577
0.001583
0.011442
0.001675
0.006955
0.007184
0.012343
0.015001
0.001668
0.007535
0.001855
0.001655
0.010328
0.002895
0.001795
0.010483
0.003653
0.007779
0.001648
0.001583
0.001703
0.007248
0.001685
0.001730
0.001700
0.015608
0.007966
0.002349
0.013880
0.001572
0.007682
0.006994
0.006659
0.001656
0.002565
0.007887
0.001726
0.001666
0.028604
0.011810
0.009816
0.010572
0.002716
0.010832
0.001729
0.007851
0.006468
0.009673
0.012846
0.001709
0.001626
0.009823
0.006511
0.009352
0.005896
0.061500
0.014590
0.001685
0.017298
0.012819
0.001705
0.009786
0.012131
0.001592
0.001696
0.011497
0.002442
0.014354
0.001765
0.006012
0.001651
0.001660
0.011071
0.005826
0.008654
0.005555
0.020219
0.007320
0.001684
0.014287
0.017292
0.007999
0.001697
0.003500
0.009823
0.003673
0.010873
0.026966
0.007164
0.009409
0.022385
0.010825
0.001729
0.001588
0.006354
0.001643
0.003419
0.011867
0.011191
0.008488
0.006409
0.003261
0.002807
0.006949
0.001731
0.001694
0.001568
0.006081
0.005684
0.007592
0.002649
0.012564
0.004755
0.007222
0.001967
0.002739
0.013612
0.001737
0.006447
0.001618
0.005938
0.007269
0.002810
0.003398
0.009823
0.001730
0.010919
0.001717
0.010838
0.001562
0.001646
0.013943
0.003592
0.007033
0.001634
0.013546
0.016101
0.004325
0.010036
0.003332
0.009581
0.013067
0.003633
0.001671
0.007617
0.001633
0.001680
0.001677
0.007275
0.001670
0.002258
0.011720
0.022559
0.011686
0.009086
0.015327
0.001678
0.004190
0.007181
0.002283
0.014314
0.001699
0.016088
0.001700
0.007884
0.013565
0.003837
0.001694
0.008096
0.001613
0.001619
0.027387
0.007253
0.015176
0.010637
0.014243
0.010900
0.001628
0.004510
0.006697
0.001762
0.001628
0.009209
0.001719
0.001645
0.013013
0.001708
0.009025
0.007245
0.012908
0.001650
0.008043
0.006291
0.006815
0.001713
0.001668
0.011870
0.003642
0.014878
0.009543
0.003850
0.010913
0.001727
0.003866
0.006335
0.003193
0.001607
0.007147
0.001655
0.001636
0.001657
0.007150
0.002863
0.017732
0.001644
0.007787
0.003742
0.001803
0.007902
0.001616
0.003304
0.007820
0.001766
0.001661
0.015697
0.011177
0.001639
0.001617
0.009749
0.002578
0.010509
0.003125
0.001594
0.010634
0.001636
0.009270
0.017711
0.003662
0.010873
0.002822
0.007412
0.004687
0.009511
0.009140
0.007432
0.002108
0.002929
0.006638
0.002432
0.003337
0.009730
0.001827
0.001731
0.007246
0.004175
0.014249
0.001844
0.008630
0.004973
0.008315
0.002561
0.002969
0.007280
0.002191
0.001629
0.008099
0.001594
0.001540
0.001651
0.010628
0.001653
0.001728
0.008286
0.011969
0.001652
0.001612
0.001706
0.009069
0.002585
0.010884
0.001641
0.001647
0.012943
0.001647
0.012070
0.001684
0.015626
0.007207
0.001841
0.001656
0.010579
0.007340
0.006264
0.001532
0.001636
0.001742
0.007310
0.001683
0.001594
0.011762
0.001718
0.009681
0.005744
0.001661
0.006222
0.001651
0.001713
0.001671
0.006829
0.003756
0.001607
0.009683
0.005262
0.045430
0.008240
0.001650
0.001585
0.001574
0.010053
0.001690
0.001620
0.007026
0.004350
0.001647
0.006968
0.001635
0.016087
0.003350
0.006986
0.002365
0.002880
0.007454
0.001653
0.001653
0.001643
0.009330
0.002910
0.001656
0.008038
0.001609
0.001595
0.008214
0.001643
0.004483
0.009979
0.003123
0.011119
0.002967
0.009810
0.003770
0.010919
0.001721
0.001662
0.008751
0.001693
0.004292
0.014741
0.006764
0.002113
0.003086
0.025397
0.012111
0.007578
0.009290
0.001751
0.001620
0.001952
0.007068
0.006386
0.014293
0.007133
0.001610
0.001549
0.013246
0.001645
0.011328
0.001693
0.001638
0.013834
0.001663
0.017000
0.012952
0.010575
0.004099
0.010362
0.002701
0.012667
0.015543
0.021185
0.007290
0.010411
0.002259
0.001667
0.001596
0.014701
0.001714
0.006989
0.001989
0.005362
0.010827
0.001616
0.007307
0.003188
0.001585
0.013149
0.001704
0.007769
0.001701
0.004374
0.013685
0.007812
0.003299
0.001559
0.001688
0.006644
0.001604
0.001763
0.001700
0.010567
0.001627
0.011064
0.002879
0.022592
0.010407
0.007767
0.002223
0.001641
0.008013
0.002491
0.002897
0.011029
0.002444
0.006934
0.001833
0.003600
0.012439
0.001780
0.010429
0.001760
0.010759
0.001646
0.010233
0.001650
0.004336
0.001717
0.041912
0.016851
0.011073
0.002739
0.014146
0.003476
0.007006
0.001654
0.010236
0.007512
0.009899
0.001588
0.001565
0.006576
0.001943
0.001680
0.011839
0.001725
0.001718
0.008438
0.007244
0.006838
0.001601
0.001620
0.001651
0.010061
0.001601
0.014709
0.015956
0.001735
0.006082
0.001711
0.005505
0.006491
0.006514
0.006726
0.001526
0.001649
0.001781
0.010402
0.001634
0.025714
0.009199
0.010075
0.010048
0.003480
0.002964
0.006804
0.001663
0.001609
0.001698
0.010297
0.002433
0.010935
0.001683
0.001685
0.005904
0.001763
0.002332
0.010809
0.001694
0.012122
0.001606
0.001628
0.008653
0.001697
0.001679
0.007950
0.001706
0.020341
0.015154
0.008851
0.004571
0.008334
0.005150
0.001682
0.009748
0.001587
0.009554
0.001609
0.015610
0.001678
0.031919
0.006594
0.001663
0.016756
0.005926
0.006657
0.006807
0.014998
0.030466
0.007268
0.001691
0.006786
0.008009
0.015597
0.001818
0.024720
0.007623
0.022826
0.019315
0.007809
0.007744
0.001651
0.010669
0.001673
0.001663
0.001739
0.008617
0.003081
0.001680
0.006588
0.004190
0.008404
0.001976
0.004298
0.048104
0.011153
0.014118
0.001882
0.001667
0.008150
0.013098
0.001900
0.002187
0.002708
0.006999
0.002344
0.018313
0.011217
0.005616
0.008010
0.002663
0.001592
0.007835
0.002732
0.001634
0.007791
0.007120
0.010585
0.001623
0.019720
0.007301
0.001761
0.006107
0.001648
0.001620
0.004802
0.010774
0.003654
0.010412
0.001707
0.007930
0.001689
0.002648
0.024309
0.006780
0.009865
0.006666
0.005307
0.002440
0.001596
0.002309
0.010369
0.011457
0.001620
0.002079
0.011072
0.003382
0.006768
0.005712
0.021575
0.009016
0.014560
0.002615
0.007250
0.019940
0.013218
0.018913
0.014498
0.002666
0.009993
0.004108
0.006679
0.005208
0.007787
0.001685
0.001558
0.001581
0.010645
0.001639
0.001712
0.012625
0.001688
0.006330
0.005067
0.001747
0.013419
0.008193
0.001732
0.001687
0.015891
0.006484
0.001705
0.001625
0.013099
0.001668
0.001656
0.009927
0.002868
0.015078
0.001665
0.014568
0.019920
0.010609
0.008579
0.004884
0.014709
0.018465
0.014505
0.020023
0.009192
0.014938
0.010664
0.006108
0.053933
0.009919
0.008246
0.013805
0.002971
0.010900
0.001758
0.002585
0.008012
0.001709
0.001716
0.001642
0.009230
0.013788
0.013228
0.005133
0.017768
0.010690
0.001649
0.012436
0.002825
0.010189
0.001581
0.001633
0.012211
0.008097
0.006096
0.001772
0.008087
0.002494
0.010902
0.002624
0.001543
0.006435
0.001615
0.005648
0.030545
0.010776
0.002940
0.010891
0.005505
0.009283
0.003725
0.020238
0.009246
0.012331
0.018882
0.008622
0.001817
0.001783
0.010434
0.001569
0.029043
0.013145
0.014948
0.014672
0.010994
0.017495
0.009764
0.009235
0.006560
0.029079
0.001594
0.009012
0.002493
0.010038
0.003592
0.001663
0.007359
0.007313
0.006116
0.001705
0.003743
0.010831
0.001664
0.001652
0.009436
0.001645
0.001683
0.010067
0.012068
0.003753
0.002773
0.010589
0.001634
0.027488
0.010844
0.021887
0.013816
0.001610
0.016446
0.015187
0.007561
0.004575
0.011854
0.002350
0.014703
0.001811
0.047729
0.007751
0.005733
0.010169
0.001631
0.001678
0.009314
0.001635
0.002774
0.011111
0.001636
0.008520
0.013273
0.006489
0.007861
0.006855
0.008811
0.006034
0.008410
0.003894
0.010222
0.001700
0.001634
0.001615
0.010752
0.001660
0.007701
0.006839
0.006868
0.001677
0.001712
0.001659
0.007789
0.016422
0.001565
0.001610
0.013192
0.001741
0.012315
0.001668
0.026749
0.012244
0.026407
0.008377
0.001769
0.012049
0.001648
0.001673
0.006987
0.006466
0.011075
0.001650
0.014891
0.001608
0.007853
0.001585
0.009917
0.001584
0.001639
0.009684
0.001607
0.005588
0.007832
0.005585
0.009721
0.003427
0.011656
0.002474
0.010299
0.001485
0.027634
0.006859
0.008225
0.012165
0.001648
0.004827
0.007861
0.005522
0.009873
0.003684
0.023382
0.009842
0.006890
0.002505
0.001777
0.011935
0.002028
0.008467
0.015451
0.001619
0.002143
0.001622
0.002537
0.008575
0.003163
0.029787
0.007635
0.014421
0.011131
0.007572
0.001641
0.017934
0.003713
0.006404
0.001751
0.001706
0.001693
0.010527
0.001624
0.010659
0.003438
0.006630
0.002712
0.001694
0.046988
0.008286
0.001692
0.001707
0.001683
0.014524
0.001917
0.009937
0.001684
0.020150
0.010166
0.001678
0.012299
0.001697
0.007951
0.002622
0.002912
0.006866
0.005779
0.015473
0.001720
0.029539
0.016717
0.011310
0.004850
0.012815
0.013508
0.001742
0.017325
0.010310
0.001712
0.026801
0.007340
0.020821
0.016902
0.009378
0.007588
0.010400
0.003438
0.002685
0.015092
0.010056
0.003166
0.007273
0.002024
0.001662
0.011237
0.003470
0.010370
0.001877
0.001567
0.021318
0.009764
0.015698
0.010377
0.001653
0.001750
0.007554
0.004782
0.008430
0.005091
0.001644
0.007021
0.004995
0.001635
0.006743
0.002270
0.002632
0.006994
0.002698
0.013799
0.001645
0.001617
0.006966
0.001579
0.001773
0.010387
0.001767
0.001620
0.001575
0.006439
0.001545
0.004911
0.010516
0.001680
0.010663
0.016834
0.001683
0.013980
0.001694
0.009044
0.006107
0.029402
0.011594
0.003860
0.030164
0.009196
0.008993
0.006370
0.001662
0.001670
0.001670
0.007058
0.001694
0.001629
0.011235
0.003883
0.010867
0.001810
0.050278
0.007814
0.001615
0.001598
0.009088
0.002688
0.005129
0.006446
0.004517
0.012995
0.001723
0.017672
0.009977
0.001713
0.012963
0.002771
0.011003
0.001643
0.008001
0.002392
0.001641
0.001644
0.028574
0.003663
0.006910
0.002389
0.001698
0.012129
0.001760
0.007459
0.001696
0.001651
0.001622
0.010738
0.001889
0.001621
0.009034
0.001699
0.001653
0.008726
0.002778
0.001670
0.008148
0.023475
0.013705
0.011940
0.007245
0.002597
0.001621
0.008467
0.002355
0.010683
0.002820
0.002875
0.009888
0.005202
0.006132
0.019740
0.001975
0.009120
0.002238
0.014476
0.011150
0.002605
0.002899
0.009039
0.001660
0.001698
0.006855
0.001665
0.001630
0.011871
0.001668
0.012893
0.014462
0.001745
0.003533
0.011757
0.001668
0.011650
0.001577
0.007560
0.001652
0.003333
0.014370
0.001804
0.005842
0.001675
0.001713
0.001577
0.027906
0.003561
0.006238
0.001609
0.001732
0.008983
0.004140
0.001649
0.014248
0.009933
0.001694
0.001630
0.009508
0.014124
0.023931
0.010589
0.001734
0.007552
0.003036
0.004401
0.005862
0.004852
0.001590
0.007446
0.001623
0.001535
0.009530
0.003426
0.024966
0.007027
0.001635
0.010257
0.001656
0.022432
0.013347
0.014366
0.008427
0.001669
0.021341
0.009324
0.010131
0.003637
0.001646
0.007914
0.001656
0.001650
0.008330
0.006985
0.011374
0.001722
0.007721
0.001706
0.026740
0.006754
0.001827
0.009690
0.016427
0.001700
0.008646
0.001745
0.003927
0.008642
0.001659
0.001662
0.009596
0.004105
0.006314
0.001668
0.012455
0.001822
0.001842
0.006524
0.001696
0.037278
0.013141
0.001711
0.008078
0.002293
0.001689
0.001742
0.007560
0.017246
0.001610
0.001761
0.011241
0.009709
0.005933
0.012050
0.001899
0.001689
0.006001
0.008329
0.006015
0.003937
0.001632
0.006728
0.004822
0.008950
0.001629
0.011986
0.003515
0.001588
0.016049
0.007980
0.005341
0.001648
0.007563
0.001648
0.001657
0.009432
0.001641
0.001617
0.007902
0.002589
0.001631
0.012386
0.003015
0.010600
0.001693
0.010700
0.001669
0.001718
0.012774
0.001714
0.008493
0.012884
0.001653
0.005031
0.009121
0.001641
0.002338
0.010921
0.001607
0.011285
0.001675
0.011511
0.003099
0.009967
0.023323
0.010649
0.001721
0.008642
0.004049
0.001595
0.013039
0.011217
0.001691
0.010987
0.007967
0.007188
0.002268
0.013245
0.001551
0.001676
0.007730
0.001929
0.001601
0.001784
0.052228
0.011699
0.011061
0.002125
0.010340
0.002592
0.011360
0.002785
0.001646
0.008243
0.002447
0.013988
0.001747
0.007830
0.001635
0.004323
0.006959
0.005326
0.011803
0.005277
0.009185
0.001658
0.008518
0.016796
0.001713
0.001587
0.009361
0.001671
0.003933
0.008103
0.005373
0.045707
0.090618
0.057268
0.012611
0.002906
0.009933
0.001649
0.001768
0.009943
0.001645
0.010562
0.003793
0.001633
0.008075
0.002635
0.002118
0.011414
0.013736
0.003687
0.019098
0.012826
0.008190
0.002730
0.015149
0.001663
0.008394
0.001678
0.001574
0.012188
0.002719
0.006615
0.002565
0.002673
0.022452
0.007020
0.001656
0.008212
0.003123
0.002969
0.007082
0.001668
0.003469
0.007302
0.006080
0.010628
0.014944
0.001982
0.011810
0.001671
0.021341
0.009318
0.002848
0.006928
0.002504
0.002890
0.007048
0.004841
0.012448
0.001759
0.003065
0.009912
0.001659
0.016944
0.007485
0.002621
0.002886
0.015015
0.010444
0.037342
0.011466
0.009713
0.001557
0.001565
0.016927
0.015788
0.010546
0.001671
0.003525
0.007826
0.006389
0.006854
0.006493
0.006298
0.006310
0.007275
0.003065
0.013611
0.001690
0.001594
0.029746
0.007172
0.008115
0.015715
0.009785
0.003681
0.010666
0.001671
0.015077
0.010983
0.002751
0.024565
0.012942
0.014664
0.006819
0.001667
0.001796
0.008759
0.001651
0.009251
0.005191
0.010093
0.001593
0.004566
0.006548
0.005189
0.001791
0.005815
0.002291
0.002846
0.010855
0.002763
0.008715
0.004894
0.001646
0.006626
0.001654
0.001588
0.013837
0.001801
0.008911
0.005523
0.010720
0.002652
0.007187
0.001647
0.012907
0.005408
0.009915
0.003364
0.001687
0.011090
0.007467
0.004912
0.001731
0.007779
0.001649
0.015650
0.001717
0.011518
0.001678
0.010044
0.001637
0.001725
0.010701
0.001711
0.001713
0.001641
0.007152
0.006640
0.013486
0.011400
0.001746
0.015029
0.002537
0.007606
0.021622
0.011791
0.001704
0.006452
0.003967
0.001666
0.008219
0.002492
0.001691
0.011985
0.002789
0.010834
0.002770
0.001882
0.007805
0.001695
0.001666
0.010898
0.004790
0.006929
0.004674
0.001696
0.008804
0.040942
0.009310
0.014722
0.003147
0.010848
0.014297
0.002731
0.007210
0.001756
0.015399
0.004772
0.007666
0.003565
0.010492
0.002703
0.002034
0.007349
0.003166
0.012116
0.005007
0.001752
0.006544
0.002155
0.010927
0.003268
0.010695
0.018394
0.001678
0.008143
0.003180
0.002631
0.010777
0.002755
0.010263
0.014403
0.003656
0.021458
0.006716
0.001657
0.016193
0.011646
0.014860
0.003467
0.013546
0.001721
0.008423
0.001715
0.003784
0.006301
0.001725
0.004463
0.010073
0.001622
0.009420
0.001931
0.001646
0.011186
0.001695
0.010467
0.003809
0.001682
0.007902
0.001654
0.008539
0.004749
0.001608
0.007706
0.003495
0.001725
0.008086
0.001722
0.001598
0.001608
0.022876
0.001922
0.002766
0.014879
0.007752
0.005466
0.009495
0.004319
0.002465
0.007354
0.001620
0.001659
0.011880
0.003600
0.011815
0.013184
0.001707
0.002551
0.008815
0.005799
0.022512
0.001529
0.021989
0.011507
0.021891
0.007288
0.001673
0.016463
0.007945
0.006321
0.014934
0.013194
0.001696
0.012809
0.015338
0.001598
0.009426
0.001652
0.001645
0.010993
0.041368
0.015819
0.010543
0.010927
0.001668
0.012000
0.003008
0.017295
0.016649
0.009835
0.014562
0.001608
0.011684
0.002510
0.013910
0.011453
0.001620
0.011470
0.003593
0.009981
0.001652
0.001599
0.001622
0.010887
0.011873
0.004700
0.009532
0.004757
0.013669
0.009252
0.001701
0.023390
0.009878
0.018564
0.013096
0.010001
0.015260
0.010652
0.013650
0.001629
0.001590
0.010209
0.017772
0.015391
0.010900
0.002933
0.001680
0.006536
0.001598
0.001638
0.012136
0.001672
0.009940
0.002848
0.002891
0.007858
0.017331
0.003054
0.010390
0.003365
0.001669
0.007075
0.001644
0.001672
0.012039
0.016276
0.001564
0.008153
0.001727
0.017319
0.011476
0.004401
0.017687
0.007633
0.001681
0.001757
0.017134
0.010379
0.018699
0.012876
0.021981
0.007614
0.002075
0.009384
0.001794
0.015049
0.003732
0.012726
0.013670
0.001806
0.006883
0.001609
0.001854
0.014410
0.003394
0.007088
0.001756
0.002013
0.060657
0.008519
0.007534
0.001738
0.008611
0.002737
0.015025
0.001668
0.007564
0.005512
0.001655
0.012031
0.016206
0.009951
0.003252
0.014426
0.003140
0.007115
0.002444
0.015022
0.001680
0.001654
0.006692
0.001616
0.002234
0.010569
0.005703
0.006612
0.001685
0.012033
0.002280
0.003992
0.006107
0.001632
0.004096
0.006614
0.001568
0.001619
0.012315
0.001596
0.027707
0.018663
0.011289
0.001712
0.014441
0.003484
0.014129
0.010786
0.003330
0.001683
0.008354
0.002300
0.001559
0.010755
0.003925
0.011279
0.002290
0.010558
0.001638
0.011810
0.001699
0.015823
0.014669
0.001706
0.007538
0.007060
0.030138
0.009161
0.001696
0.015350
0.001750
0.011864
0.001651
0.009027
0.002021
0.001648
0.016069
0.013983
0.014236
0.001953
0.024344
0.001637
0.001688
0.016348
0.011640
0.001664
0.014326
0.008304
0.003172
0.002255
0.038375
0.009366
0.012240
0.014356
0.003612
0.010502
0.002911
0.010047
0.002531
0.001638
0.007318
0.001632
0.012817
0.001643
0.004582
0.007078
0.002373
0.046732
0.008764
0.009011
0.020802
0.008624
0.001660
0.007823
0.002435
0.002696
0.010878
0.001747
0.011270
0.001637
0.013505
0.001660
0.009897
0.003491
0.001608
0.007716
0.007197
0.011336
0.001784
0.014952
0.008568
0.004363
0.001717
0.008365
0.002423
0.002830
0.007150
0.001661
0.003521
0.007041
0.006516
0.025604
0.001798
0.001639
0.020775
0.006477
0.011482
0.001852
0.007483
0.002848
0.002478
0.001633
0.009007
0.001662
0.003097
0.006793
0.001664
0.001639
0.001635
0.010123
0.001617
0.001762
0.009880
0.001644
0.008346
0.001771
0.001781
0.001549
0.007290
0.001648
0.004623
0.010961
0.002546
0.011184
0.001832
0.017660
0.012163
0.001807
0.008131
0.001730
0.007648
0.001963
0.003028
0.002905
0.015082
0.010475
0.002616
0.013844
0.001665
0.009417
0.001646
0.001640
0.006740
0.001590
0.013380
0.001632
0.004159
0.007386
0.002120
0.002526
0.007494
0.002035
0.015048
0.001724
0.014381
0.017655
0.017605
0.010110
0.001686
0.012158
0.001679
0.030858
0.016489
0.013617
0.013159
0.001721
0.001957
0.010726
0.001734
0.015489
0.010935
0.002617
0.010225
0.001714
0.001644
0.009420
0.001629
0.050561
0.011855
0.014133
0.003644
0.003049
0.011063
0.002558
0.010690
0.001685
0.010844
0.003352
0.017931
0.007255
0.013976
0.003459
0.002572
0.007357
0.001754
0.003399
0.031202
0.011473
0.001939
0.009561
0.018849
0.002441
0.009508
0.001605
0.012540
0.001734
0.001830
0.006229
0.002154
0.001586
0.023582
0.007290
0.001787
0.011612
0.001692
0.006167
0.001543
0.004461
0.010168
0.001612
0.001701
0.010786
0.001654
0.011817
0.001814
0.011602
0.001748
0.003002
0.010941
0.001743
0.006830
0.002718
0.016145
0.012257
0.005701
0.009819
0.001673
0.012407
0.001666
0.001619
0.008682
0.003049
0.008386
0.004684
0.011625
0.001965
0.002796
0.007018
0.005643
0.005777
0.003283
0.001697
0.011547
0.001664
0.001637
0.010649
0.012181
0.005287
0.011511
0.001648
0.001720
0.006556
0.002402
0.003018
0.010836
0.013100
0.001751
0.003724
0.006605
0.001681
0.009983
0.001676
0.005553
0.010961
0.002543
0.010895
0.032955
0.010372
0.001689
0.011824
0.001656
0.004240
0.007297
0.001607
0.004294
0.007250
0.004242
0.012395
0.001810
0.001691
0.007418
0.001670
0.016273
0.009341
0.050187
0.013458
0.014305
0.012984
0.007123
0.011626
0.001696
0.003134
0.010991
0.013390
0.003644
0.010004
0.001701
0.001598
0.009920
0.002500
0.001815
0.006126
0.001663
0.024400
0.007553
0.014862
0.001689
0.001765
0.009653
0.004216
0.010077
0.001768
0.014436
0.001666
0.010434
0.001598
0.013062
0.001678
0.001786
0.006522
0.017218
0.001746
0.027825
0.013570
0.008603
0.010500
0.001665
0.027269
0.014557
0.007773
0.010370
0.014491
0.001708
0.008094
0.006406
0.039171
0.011036
0.007486
0.016227
0.001661
0.007911
0.003537
0.001630
0.015715
0.007715
0.004712
0.001652
0.014657
0.030583
0.013607
0.001681
0.006742
0.005409
0.010972
0.017475
0.019526
0.015974
0.009171
0.010807
0.034612
0.013279
0.008651
0.020688
0.007267
0.013003
0.001644
0.006900
0.005943
0.014831
0.001957
0.008200
0.002007
0.051584
0.010525
0.011840
0.001729
0.002449
0.010669
0.001695
0.001619
0.008591
0.001732
0.004809
0.006742
0.001726
0.003675
0.007102
0.001854
0.001729
0.014592
0.016957
0.001873
0.011034
0.011995
0.001646
0.010806
0.002707
0.001658
0.006803
0.003485
0.001841
0.014598
0.011178
0.001658
0.015091
0.001625
0.012753
0.001655
0.006427
0.001727
0.001632
0.002647
0.007468
0.002157
0.022372
0.026975
0.014293
0.001700
0.007925
0.007133
0.009013
0.002841
0.001700
0.036857
0.010145
0.011437
0.001724
0.008075
0.002733
0.001743
0.013454
0.001656
0.024702
0.001735
0.001643
0.009660
0.003148
0.003116
0.010381
0.003584
0.034097
0.022018
0.008132
0.010788
0.010162
0.001700
0.001602
0.001705
0.006279
0.007134
0.015034
0.017913
0.018270
0.007547
0.011680
0.001751
0.001609
0.006394
0.001601
0.005836
0.008011
0.037268
0.010658
0.003810
0.009581
0.002989
0.012375
0.001699
0.002221
0.009561
0.001711
0.012482
0.001677
0.009364
0.001769
0.001654
0.001584
0.013171
0.030265
0.011014
0.002546
0.001687
0.062095
0.076502
0.006580
0.001813
0.014830
0.007763
0.002329
0.013562
0.001648
0.003132
0.007947
0.003488
0.010659
0.001733
0.001639
0.009372
0.002378
0.001700
0.007824
0.006412
0.006018
0.014564
0.001703
0.014930
0.001650
0.001945
0.009824
0.002632
0.010729
0.002886
0.018272
0.007356
0.001642
0.001591
0.011985
0.001766
0.001735
0.009086
0.001639
0.002167
0.009518
0.001722
0.011439
0.002685
0.008769
0.001776
0.001680
0.002896
